seed 112 5x5x8: c* -7 = -7.000: root=(4, 4, 4) minimal tree (E,|A|,|S|,F)=(5,1,5,4) ones=32 zeta=[(0, 0, 6), (1, 0, 1), (1, 1, 1), (1, 2, 0), (1, 2, 2), (1, 2, 4), (1, 3, 3), (1, 4, 4), (2, 1, 1), (2, 1, 4), (2, 2, 3), (2, 3, 3), (3, 1, 6), (3, 3, 4), (3, 4, 0), (3, 4, 6), (4, 1, 1), (4, 1, 2), (4, 2, 3), (4, 3, 2), (4, 4, 0)]
seed 112 5x5x8: c* -3 = -3.000: root=(4, 4, 4) minimal tree (E,|A|,|S|,F)=(9,1,5,4) ones=35 zeta=[(0, 0, 6), (1, 0, 1), (1, 1, 1), (1, 2, 0), (1, 2, 2), (1, 2, 4), (1, 3, 3), (1, 4, 4), (2, 1, 1), (2, 1, 4), (2, 2, 3), (2, 3, 3), (3, 1, 6), (3, 3, 4), (3, 4, 0), (3, 4, 6), (4, 1, 1), (4, 1, 2), (4, 2, 0), (4, 2, 3), (4, 3, 2), (4, 3, 3), (4, 4, 0)]
seed 112 5x5x8: c* -5/4 = -1.250: root=(4, 4, 4) minimal tree (E,|A|,|S|,F)=(10,4,6,5) ones=47 zeta=[(0, 0, 6), (1, 0, 1), (1, 0, 2), (1, 1, 1), (1, 2, 0), (1, 2, 2), (1, 2, 4), (1, 3, 1), (1, 3, 3), (1, 4, 4), (2, 1, 1), (2, 1, 4), (2, 2, 3), (2, 2, 6), (2, 3, 3), (2, 4, 3), (3, 1, 5), (3, 1, 6), (3, 3, 4), (3, 4, 0), (3, 4, 4), (3, 4, 6), (4, 1, 1), (4, 1, 2), (4, 2, 0), (4, 2, 3), (4, 3, 2), (4, 3, 3), (4, 3, 7), (4, 4, 0)]
seed 112 5x5x8: c* -1 = -1.000: root=(4, 4, 4) minimal tree (E,|A|,|S|,F)=(8,7,6,5) ones=49 zeta=[(0, 0, 5), (0, 0, 6), (0, 2, 0), (1, 0, 1), (1, 0, 2), (1, 1, 1), (1, 2, 0), (1, 2, 2), (1, 2, 4), (1, 3, 1), (1, 3, 3), (1, 4, 4), (2, 1, 1), (2, 1, 4), (2, 2, 3), (2, 2, 6), (2, 3, 3), (2, 4, 3), (3, 1, 5), (3, 1, 6), (3, 3, 4), (3, 4, 0), (3, 4, 4), (3, 4, 6), (4, 1, 1), (4, 1, 2), (4, 2, 0), (4, 2, 3), (4, 3, 2), (4, 3, 3), (4, 3, 7), (4, 4, 0)]
seed 112 5x5x8: c* -1/3 = -0.333: root=(4, 2, 6) minimal tree (E,|A|,|S|,F)=(2,3,2,1) ones=57 zeta=[(0, 0, 3), (0, 0, 5), (0, 0, 6), (0, 2, 1), (0, 2, 6), (1, 0, 1), (1, 0, 2), (1, 1, 1), (1, 2, 0), (1, 2, 1), (1, 2, 2), (1, 2, 4), (1, 2, 6), (1, 3, 1), (1, 3, 3), (1, 4, 4), (1, 4, 6), (2, 1, 1), (2, 1, 4), (2, 2, 3), (2, 2, 6), (2, 3, 3), (2, 4, 3), (3, 1, 5), (3, 1, 6), (3, 4, 0), (3, 4, 4), (3, 4, 6), (4, 1, 1), (4, 1, 2), (4, 1, 5), (4, 2, 0), (4, 2, 3), (4, 3, 2), (4, 3, 3), (4, 3, 7), (4, 4, 0)]
seed 112 5x5x8: c* -1/5 = -0.200: root=(4, 3, 7) minimal tree (E,|A|,|S|,F)=(2,5,2,1) ones=52 zeta=[(0, 0, 3), (0, 0, 5), (0, 0, 6), (0, 2, 1), (0, 2, 6), (1, 0, 1), (1, 0, 2), (1, 1, 1), (1, 2, 0), (1, 2, 1), (1, 2, 2), (1, 2, 4), (1, 2, 6), (1, 3, 3), (1, 4, 4), (1, 4, 6), (2, 1, 1), (2, 1, 4), (2, 2, 3), (2, 2, 6), (2, 3, 3), (2, 4, 3), (3, 1, 5), (3, 1, 6), (3, 2, 7), (3, 4, 0), (3, 4, 4), (3, 4, 6), (4, 1, 2), (4, 1, 5), (4, 2, 0), (4, 2, 3), (4, 3, 2), (4, 3, 3), (4, 3, 7), (4, 4, 0)]
seed 112 5x5x8: c* 0 = 0.000: root=(4, 3, 7) minimal tree (E,|A|,|S|,F)=(3,6,2,1) ones=67 zeta=[(0, 0, 1), (0, 0, 3), (0, 0, 5), (0, 0, 6), (0, 2, 6), (0, 2, 7), (0, 3, 1), (0, 4, 4), (1, 0, 1), (1, 1, 1), (1, 2, 0), (1, 2, 1), (1, 2, 2), (1, 2, 3), (1, 2, 6), (1, 3, 2), (1, 4, 2), (1, 4, 4), (1, 4, 6), (2, 0, 0), (2, 1, 1), (2, 1, 4), (2, 2, 3), (2, 2, 4), (2, 2, 6), (2, 3, 3), (2, 4, 3), (3, 1, 5), (3, 1, 6), (3, 2, 7), (3, 3, 3), (3, 4, 0), (3, 4, 4), (3, 4, 6), (4, 1, 1), (4, 1, 2), (4, 1, 5), (4, 1, 6), (4, 2, 0), (4, 2, 1), (4, 2, 2), (4, 2, 3), (4, 3, 2), (4, 3, 3), (4, 3, 7), (4, 4, 0)]
seed 112 5x5x8: c* 1/3 = 0.333: root=(4, 4, 7) minimal tree (E,|A|,|S|,F)=(3,9,1,0) ones=64 zeta=[(0, 0, 3), (0, 0, 5), (0, 0, 7), (0, 1, 1), (0, 2, 1), (0, 2, 3), (0, 3, 0), (0, 3, 5), (0, 4, 2), (0, 4, 5), (1, 0, 2), (1, 1, 2), (1, 1, 3), (1, 1, 5), (1, 1, 6), (1, 1, 7), (1, 2, 6), (1, 3, 0), (2, 0, 0), (2, 1, 1), (2, 1, 5), (2, 2, 6), (2, 3, 2), (2, 3, 7), (2, 4, 7), (3, 1, 1), (3, 1, 7), (3, 2, 0), (3, 2, 1), (3, 2, 6), (3, 3, 1), (3, 3, 6), (3, 4, 4), (3, 4, 7), (4, 0, 0), (4, 1, 4), (4, 3, 0), (4, 3, 1), (4, 3, 4), (4, 4, 4), (4, 4, 5), (4, 4, 7)]
seed 112 5x5x8: c* 3/8 = 0.375: root=(4, 4, 7) minimal tree (E,|A|,|S|,F)=(3,8,1,0) ones=66 zeta=[(0, 0, 3), (0, 0, 5), (0, 0, 7), (0, 1, 1), (0, 2, 3), (0, 3, 0), (0, 3, 5), (0, 4, 2), (0, 4, 5), (1, 0, 2), (1, 1, 2), (1, 1, 3), (1, 1, 5), (1, 1, 6), (1, 1, 7), (1, 2, 6), (1, 2, 7), (1, 3, 0), (1, 3, 3), (2, 0, 0), (2, 1, 5), (2, 2, 6), (2, 3, 0), (2, 3, 2), (2, 3, 7), (2, 4, 7), (3, 1, 1), (3, 1, 5), (3, 1, 7), (3, 2, 0), (3, 2, 1), (3, 2, 3), (3, 2, 6), (3, 3, 1), (3, 3, 6), (3, 4, 0), (3, 4, 4), (4, 0, 0), (4, 3, 0), (4, 3, 1), (4, 3, 4), (4, 4, 4), (4, 4, 5), (4, 4, 7)]
seed 112 5x5x8: c* 1/2 = 0.500: root=(4, 4, 7) minimal tree (E,|A|,|S|,F)=(4,8,1,0) ones=68 zeta=[(0, 0, 1), (0, 0, 3), (0, 1, 1), (0, 2, 3), (0, 3, 0), (0, 3, 5), (0, 4, 0), (0, 4, 2), (0, 4, 5), (0, 4, 6), (1, 0, 2), (1, 1, 5), (1, 1, 6), (1, 1, 7), (1, 2, 6), (1, 2, 7), (1, 3, 7), (1, 4, 0), (2, 0, 0), (2, 1, 5), (2, 1, 6), (2, 2, 6), (2, 2, 7), (2, 3, 2), (2, 3, 7), (2, 4, 3), (2, 4, 7), (3, 1, 1), (3, 1, 5), (3, 2, 0), (3, 2, 1), (3, 2, 6), (3, 3, 1), (3, 3, 6), (3, 4, 0), (3, 4, 2), (3, 4, 4), (3, 4, 7), (4, 0, 0), (4, 0, 1), (4, 0, 3), (4, 0, 4), (4, 2, 2), (4, 2, 3), (4, 3, 0), (4, 3, 1), (4, 3, 2), (4, 3, 4), (4, 3, 7), (4, 4, 3), (4, 4, 4), (4, 4, 5), (4, 4, 7)]
seed 112 5x5x8: c* 2/3 = 0.667: root=(4, 3, 6) minimal tree (E,|A|,|S|,F)=(4,6,1,0) ones=67 zeta=[(0, 1, 7), (0, 3, 0), (0, 3, 6), (0, 4, 1), (0, 4, 4), (0, 4, 5), (0, 4, 7), (1, 0, 0), (1, 0, 6), (1, 1, 0), (1, 1, 5), (1, 2, 0), (1, 2, 3), (1, 2, 5), (1, 4, 2), (2, 0, 0), (2, 3, 2), (2, 4, 7), (3, 0, 3), (3, 0, 4), (3, 0, 5), (3, 1, 1), (3, 1, 3), (3, 1, 4), (3, 1, 6), (3, 2, 4), (3, 2, 5), (3, 3, 4), (3, 3, 6), (3, 4, 1), (3, 4, 2), (4, 0, 3), (4, 1, 1), (4, 1, 3), (4, 1, 5), (4, 2, 3), (4, 2, 6), (4, 3, 1), (4, 3, 4), (4, 4, 1), (4, 4, 7)]
seed 112: done restarts=9 best=2/3
