seed 62 5x5x8: c* -6 = -6.000: root=(4, 4, 7) minimal tree (E,|A|,|S|,F)=(3,1,4,3) ones=48 zeta=[(0, 0, 1), (0, 0, 7), (0, 2, 0), (0, 2, 4), (0, 3, 7), (1, 0, 4), (1, 0, 7), (1, 1, 6), (1, 2, 4), (1, 3, 2), (1, 4, 6), (1, 4, 7), (2, 0, 3), (2, 0, 7), (2, 1, 3), (2, 2, 5), (2, 4, 2), (2, 4, 6), (3, 1, 2), (3, 1, 4), (3, 2, 3), (3, 3, 0), (3, 3, 7), (3, 4, 5), (4, 0, 3), (4, 0, 5), (4, 1, 3), (4, 2, 1), (4, 2, 7), (4, 4, 6)]
seed 62 5x5x8: c* -3 = -3.000: root=(4, 4, 7) minimal tree (E,|A|,|S|,F)=(3,1,3,2) ones=51 zeta=[(0, 0, 1), (0, 0, 3), (0, 0, 7), (0, 2, 0), (0, 2, 4), (0, 3, 7), (1, 0, 4), (1, 0, 7), (1, 1, 6), (1, 3, 2), (1, 4, 2), (1, 4, 6), (1, 4, 7), (2, 0, 3), (2, 1, 3), (2, 1, 4), (2, 2, 5), (2, 4, 2), (2, 4, 6), (3, 1, 2), (3, 1, 4), (3, 2, 3), (3, 3, 0), (3, 3, 7), (3, 4, 3), (3, 4, 4), (3, 4, 5), (4, 0, 3), (4, 0, 5), (4, 1, 3), (4, 2, 0), (4, 2, 1), (4, 2, 7), (4, 4, 6)]
seed 62 5x5x8: c* -1 = -1.000: root=(4, 4, 7) minimal tree (E,|A|,|S|,F)=(2,4,3,2) ones=57 zeta=[(0, 0, 1), (0, 2, 0), (0, 2, 4), (0, 3, 2), (0, 3, 7), (0, 4, 3), (0, 4, 5), (1, 0, 7), (1, 1, 1), (1, 1, 3), (1, 1, 6), (1, 3, 2), (1, 4, 2), (1, 4, 5), (1, 4, 6), (1, 4, 7), (2, 0, 3), (2, 1, 3), (2, 1, 4), (2, 2, 5), (2, 4, 2), (2, 4, 3), (2, 4, 6), (3, 0, 5), (3, 1, 2), (3, 1, 4), (3, 2, 3), (3, 3, 0), (3, 3, 1), (3, 3, 7), (3, 4, 3), (3, 4, 4), (3, 4, 5), (4, 0, 3), (4, 1, 3), (4, 2, 0), (4, 2, 1), (4, 2, 7), (4, 4, 6)]
seed 62 5x5x8: c* -5/6 = -0.833: root=(4, 4, 7) minimal tree (E,|A|,|S|,F)=(4,6,4,3) ones=62 zeta=[(0, 0, 1), (0, 2, 0), (0, 2, 4), (0, 3, 2), (0, 3, 7), (0, 4, 3), (0, 4, 4), (0, 4, 5), (1, 0, 0), (1, 0, 7), (1, 1, 1), (1, 1, 6), (1, 3, 2), (1, 4, 2), (1, 4, 5), (1, 4, 6), (1, 4, 7), (2, 0, 3), (2, 0, 7), (2, 1, 3), (2, 1, 4), (2, 2, 5), (2, 4, 2), (2, 4, 3), (2, 4, 6), (3, 0, 5), (3, 1, 2), (3, 1, 4), (3, 2, 3), (3, 3, 1), (3, 3, 7), (3, 4, 3), (3, 4, 4), (3, 4, 5), (4, 0, 3), (4, 1, 3), (4, 2, 0), (4, 2, 1), (4, 2, 7), (4, 4, 6)]
seed 62 5x5x8: c* -5/7 = -0.714: root=(4, 4, 7) minimal tree (E,|A|,|S|,F)=(4,7,4,3) ones=55 zeta=[(0, 0, 0), (0, 0, 1), (0, 2, 0), (0, 2, 2), (0, 2, 4), (0, 3, 2), (0, 3, 7), (0, 4, 3), (0, 4, 4), (0, 4, 5), (1, 0, 0), (1, 0, 7), (1, 1, 1), (1, 1, 6), (1, 3, 2), (1, 4, 2), (1, 4, 5), (1, 4, 6), (1, 4, 7), (2, 0, 3), (2, 1, 3), (2, 2, 3), (2, 2, 5), (2, 4, 2), (2, 4, 3), (2, 4, 6), (3, 0, 1), (3, 0, 5), (3, 1, 2), (3, 3, 1), (3, 3, 7), (3, 4, 3), (3, 4, 4), (3, 4, 5), (4, 0, 3), (4, 1, 3), (4, 2, 0), (4, 2, 1), (4, 2, 7), (4, 4, 6)]
seed 62 5x5x8: c* -2/7 = -0.286: root=(4, 4, 7) minimal tree (E,|A|,|S|,F)=(4,7,3,2) ones=61 zeta=[(0, 0, 0), (0, 0, 1), (0, 0, 4), (0, 2, 0), (0, 2, 2), (0, 2, 4), (0, 3, 2), (0, 3, 7), (0, 4, 2), (0, 4, 3), (0, 4, 4), (0, 4, 5), (1, 0, 0), (1, 0, 7), (1, 1, 1), (1, 1, 6), (1, 3, 2), (1, 4, 2), (1, 4, 5), (1, 4, 6), (1, 4, 7), (2, 0, 3), (2, 0, 5), (2, 0, 7), (2, 1, 3), (2, 2, 3), (2, 2, 5), (2, 4, 2), (2, 4, 3), (2, 4, 4), (2, 4, 6), (3, 0, 1), (3, 0, 5), (3, 1, 2), (3, 1, 7), (3, 3, 1), (3, 3, 7), (3, 4, 3), (3, 4, 4), (3, 4, 5), (4, 0, 4), (4, 2, 0), (4, 2, 1), (4, 2, 7), (4, 3, 0), (4, 4, 6)]
seed 62 5x5x8: c* 0 = 0.000: root=(4, 4, 7) minimal tree (E,|A|,|S|,F)=(6,16,3,2) ones=62 zeta=[(0, 0, 0), (0, 0, 1), (0, 0, 4), (0, 1, 6), (0, 2, 0), (0, 2, 2), (0, 2, 4), (0, 3, 2), (0, 3, 7), (0, 4, 2), (0, 4, 3), (0, 4, 4), (0, 4, 5), (1, 0, 0), (1, 0, 7), (1, 1, 1), (1, 1, 6), (1, 4, 2), (1, 4, 5), (1, 4, 6), (1, 4, 7), (2, 0, 5), (2, 0, 7), (2, 2, 3), (2, 2, 5), (2, 2, 7), (2, 3, 0), (2, 4, 2), (2, 4, 3), (2, 4, 4), (2, 4, 6), (3, 0, 1), (3, 0, 4), (3, 0, 5), (3, 1, 2), (3, 1, 7), (3, 3, 1), (3, 3, 7), (3, 4, 3), (3, 4, 4), (3, 4, 5), (4, 0, 4), (4, 1, 0), (4, 2, 0), (4, 2, 1), (4, 2, 7), (4, 3, 0), (4, 4, 6), (4, 4, 7)]
seed 62 5x5x8: c* 3/10 = 0.300: root=(4, 4, 7) minimal tree (E,|A|,|S|,F)=(3,10,1,0) ones=63 zeta=[(0, 0, 0), (0, 0, 1), (0, 0, 4), (0, 0, 5), (0, 1, 0), (0, 1, 6), (0, 2, 2), (0, 2, 4), (0, 3, 2), (0, 3, 7), (0, 4, 2), (0, 4, 3), (0, 4, 4), (0, 4, 5), (1, 0, 0), (1, 0, 7), (1, 1, 1), (1, 1, 6), (1, 4, 0), (1, 4, 2), (1, 4, 5), (2, 0, 5), (2, 0, 7), (2, 1, 7), (2, 2, 0), (2, 2, 3), (2, 2, 5), (2, 2, 7), (2, 3, 1), (2, 4, 2), (2, 4, 3), (2, 4, 4), (2, 4, 5), (2, 4, 6), (2, 4, 7), (3, 0, 1), (3, 0, 4), (3, 0, 5), (3, 1, 2), (3, 1, 7), (3, 2, 7), (3, 3, 0), (3, 3, 1), (3, 4, 3), (3, 4, 5), (3, 4, 7), (4, 1, 0), (4, 1, 4), (4, 2, 0), (4, 2, 4), (4, 2, 7), (4, 3, 0), (4, 4, 1), (4, 4, 7)]
seed 62 5x5x8: c* 1/3 = 0.333: root=(4, 4, 7) minimal tree (E,|A|,|S|,F)=(3,9,1,0) ones=68 zeta=[(0, 0, 0), (0, 0, 1), (0, 0, 4), (0, 0, 5), (0, 0, 7), (0, 1, 0), (0, 2, 2), (0, 2, 4), (0, 3, 2), (0, 3, 7), (0, 4, 2), (0, 4, 3), (0, 4, 4), (0, 4, 5), (1, 0, 7), (1, 1, 3), (1, 1, 6), (1, 2, 3), (1, 4, 0), (1, 4, 2), (1, 4, 5), (1, 4, 6), (2, 0, 4), (2, 0, 5), (2, 0, 7), (2, 1, 7), (2, 2, 5), (2, 3, 1), (2, 4, 3), (2, 4, 4), (2, 4, 5), (2, 4, 6), (3, 0, 1), (3, 0, 2), (3, 0, 4), (3, 0, 5), (3, 1, 2), (3, 1, 7), (3, 2, 3), (3, 2, 4), (3, 2, 6), (3, 2, 7), (3, 3, 0), (3, 3, 1), (3, 4, 3), (3, 4, 7), (4, 0, 5), (4, 1, 0), (4, 1, 4), (4, 2, 1), (4, 2, 3), (4, 2, 4), (4, 2, 7), (4, 3, 0), (4, 4, 7)]
seed 62 5x5x8: c* 3/7 = 0.429: root=(3, 4, 6) minimal tree (E,|A|,|S|,F)=(3,7,1,0) ones=68 zeta=[(0, 0, 0), (0, 0, 4), (0, 0, 5), (0, 0, 7), (0, 1, 0), (0, 2, 2), (0, 2, 4), (0, 3, 0), (0, 3, 2), (0, 3, 7), (0, 4, 2), (0, 4, 3), (0, 4, 4), (0, 4, 5), (1, 0, 7), (1, 1, 3), (1, 1, 6), (1, 2, 3), (1, 4, 0), (1, 4, 2), (1, 4, 5), (1, 4, 6), (2, 0, 5), (2, 0, 7), (2, 1, 7), (2, 2, 5), (2, 3, 1), (2, 4, 3), (2, 4, 4), (2, 4, 5), (2, 4, 6), (3, 0, 1), (3, 0, 2), (3, 0, 4), (3, 0, 5), (3, 0, 7), (3, 1, 2), (3, 1, 4), (3, 1, 7), (3, 2, 3), (3, 2, 4), (3, 2, 6), (3, 2, 7), (3, 3, 0), (3, 3, 1), (3, 4, 3), (4, 0, 5), (4, 1, 0), (4, 1, 4), (4, 2, 1), (4, 2, 3), (4, 2, 4), (4, 2, 7), (4, 3, 0), (4, 4, 7)]
seed 62 5x5x8: c* 1/2 = 0.500: root=(4, 2, 6) minimal tree (E,|A|,|S|,F)=(1,2,1,0) ones=49 zeta=[(0, 0, 2), (0, 0, 4), (0, 0, 7), (0, 1, 1), (0, 1, 7), (0, 2, 4), (0, 4, 3), (0, 4, 5), (1, 0, 7), (1, 1, 0), (1, 1, 1), (1, 1, 6), (1, 3, 3), (1, 4, 0), (1, 4, 3), (2, 2, 3), (2, 3, 2), (2, 4, 2), (3, 0, 2), (3, 0, 5), (3, 0, 6), (3, 0, 7), (3, 1, 2), (3, 1, 3), (3, 2, 5), (3, 2, 6), (3, 4, 0), (3, 4, 2), (3, 4, 6), (4, 0, 0), (4, 1, 0), (4, 2, 1), (4, 2, 5), (4, 2, 6), (4, 3, 0), (4, 3, 3), (4, 4, 2)]
seed 62 5x5x8: c* 2/3 = 0.667: root=(4, 3, 4) minimal tree (E,|A|,|S|,F)=(2,3,1,0) ones=40 zeta=[(0, 0, 0), (0, 1, 0), (0, 1, 3), (0, 1, 4), (0, 2, 3), (0, 3, 5), (0, 4, 3), (1, 0, 6), (1, 1, 7), (1, 2, 0), (1, 3, 0), (1, 3, 4), (1, 4, 4), (2, 0, 3), (2, 0, 4), (2, 0, 6), (2, 2, 1), (2, 3, 2), (3, 0, 0), (3, 0, 2), (3, 2, 3), (3, 2, 4), (3, 3, 3), (3, 4, 0), (3, 4, 1), (4, 1, 0), (4, 2, 3), (4, 2, 7), (4, 3, 0)]
seed 62: done restarts=10 best=2/3
