  flat: 145s
  (0, 1, 1, 0): 149s
  (0, 1, -1, 0): 150s
  (1, 1, 1, 1): 158s
  (1, 0, 0, 0): 149s
  (0, 1, 0, 0): 179s
  (0, 1, 1, 1): 161s
  (0, 2, 1, 0): 151s
  (2, 1, 1, 1): 149s

T23 L=64 amp=0.06 nk=1 improved k^2=0.00964  norm=Vol*A^2*k^2=582.1330

    s  b(S^2)*48    b(Q)*48  b(a0 S)*48  b(a0^2)*48 |resid|/|u|   continuum: (+1, -1, 0, 0)
  4.0     6.8935    -0.8652     11.6089      5.8569   1.149e-04
  5.0     4.6821    -0.9588      7.2125      3.5730   1.161e-04
  6.0     3.5291    -0.9814      4.9220      2.4126   1.289e-04
  8.0     2.4209    -0.9886      2.7204      1.3152   1.653e-04
 10.0     1.9234    -0.9873      1.7298      0.8279   2.068e-04
 12.0     1.6588    -0.9852      1.2000      0.5692   2.488e-04
 16.0     1.4026    -0.9810      0.6789      0.3170   3.260e-04
 20.0     1.2895    -0.9772      0.4392      0.2023   3.898e-04
 25.0     1.2226    -0.9726      0.2859      0.1297   4.517e-04
 32.0     1.1840    -0.9662      0.1792      0.0799   5.139e-04
 40.0     1.1708    -0.9590      0.1185      0.0521   5.625e-04
 50.0     1.1722    -0.9499      0.0790      0.0344   6.036e-04
 60.0     1.1817    -0.9405      0.0571      0.0249   6.392e-04

per-channel u/u_continuum:
           alpha   S^2-Q      s=4       s=6       s=8      s=12      s=16      s=20      s=32      s=50 
    (0, 1, 1, 0)       2  12.9198    6.0759    3.8525    2.3319    1.8237    1.6012    1.4011    1.3936 
   (0, 1, -1, 0)      -2   0.8710    0.9845    0.9909    0.9871    0.9829    0.9791    0.9682    0.9522 
    (1, 1, 1, 1)       6  16.6871    7.6655    4.7160    2.6901    2.0053    1.6986    1.3954    1.3280 
    (1, 0, 0, 0)       0   (null)    (null)    (null)    (null)    (null)    (null)    (null)    (null) 
    (0, 1, 0, 0)       0   (null)    (null)    (null)    (null)    (null)    (null)    (null)    (null) 
    (0, 1, 1, 1)       6   9.9064    4.8022    3.1364    1.9951    1.6130    1.4452    1.2924    1.2828 
    (0, 2, 1, 0)       4  14.4325    6.7156    4.2127    2.5021    1.9308    1.6810    1.4574    1.4514 
    (2, 1, 1, 1)       6  25.4219   11.3337    6.7345    3.5753    2.5038    2.0199    1.5256    1.3855 
