T25  matched s k^2, Richardson (4 b64 - b32)/3.   continuum = (+1, -1, 0, 0)
 s(32)  s(64)   s k^2 |                     b(S^2)                       b(Q)                     b(a0S)                    b(a0^2)
                      |      L32      L64     Rich      L32      L64     Rich      L32      L64     Rich      L32      L64     Rich
   4.0   16.0   0.154 |   2.6437   1.4026   0.9890  -0.9604  -0.9810  -0.9879   3.0370   0.6789  -0.1072   1.4630   0.3170  -0.0650
   5.0   20.0   0.193 |   2.0748   1.2895   1.0278  -0.9743  -0.9772  -0.9782   1.9120   0.4392  -0.0517   0.8932   0.2023  -0.0280
   6.0   24.0   0.231 |   1.7790   1.2322   1.0499  -0.9737  -0.9735  -0.9735   1.3218   0.3091  -0.0284   0.6038   0.1406  -0.0138
   8.0   32.0   0.308 |   1.4990   1.1840   1.0790  -0.9664  -0.9662  -0.9662   0.7491   0.1792  -0.0107   0.3302   0.0799  -0.0035
  10.0   40.0   0.386 |   1.3794   1.1708   1.1012  -0.9586  -0.9590  -0.9591   0.4878   0.1185  -0.0046   0.2088   0.0521  -0.0002
  12.0   48.0   0.463 |   1.3214   1.1710   1.1209  -0.9510  -0.9518  -0.9520   0.3461   0.0850  -0.0020   0.1444   0.0371   0.0013
  15.0   60.0   0.578 |   1.2834   1.1817   1.1477  -0.9395  -0.9405  -0.9408   0.2294   0.0571  -0.0004   0.0927   0.0249   0.0024
  16.0   64.0   0.617 |   1.2775   1.1865   1.1561  -0.9351  -0.9362  -0.9366   0.2039   0.0509  -0.0002   0.0818   0.0224   0.0026
  20.0   80.0   0.771 |   1.2693   1.2072   1.1865  -0.9071  -0.9095  -0.9104   0.1352   0.0332  -0.0008   0.0540   0.0162   0.0036
  25.0  100.0   0.964 |   1.2678   1.2259   1.2119  -0.8161  -0.8214  -0.8232   0.0827   0.0145  -0.0082   0.0402   0.0157   0.0076

Same-s comparison (NOT matched physics; shows the raw L dependence):
  s=  8.0  L64:   2.4209  -0.9886   2.7204   1.3152   resid 1.7e-04   | L32:   1.4990  -0.9664   0.7491   0.3302
  s= 12.0  L64:   1.6588  -0.9852   1.2000   0.5692   resid 2.5e-04   | L32:   1.3214  -0.9510   0.3461   0.1444
  s= 16.0  L64:   1.4026  -0.9810   0.6789   0.3170   resid 3.3e-04   | L32:   1.2775  -0.9351   0.2039   0.0818
  s= 20.0  L64:   1.2895  -0.9772   0.4392   0.2023   resid 3.9e-04   | L32:   1.2693  -0.9071   0.1352   0.0540
  s= 25.0  L64:   1.2226  -0.9726   0.2859   0.1297   resid 4.5e-04   | L32:   1.2678  -0.8161   0.0827   0.0402
  s= 32.0  L64:   1.1840  -0.9662   0.1792   0.0799   resid 5.1e-04
  s= 40.0  L64:   1.1708  -0.9590   0.1185   0.0521   resid 5.6e-04
  s= 50.0  L64:   1.1722  -0.9499   0.0790   0.0344   resid 6.0e-04
  s= 60.0  L64:   1.1817  -0.9405   0.0571   0.0249   resid 6.4e-04
