T26  L=64 amp=0.06 nk=1  k^2=0.009638   Vol=16777216

  improved operator:  (P(s)-dVol)/s   [-> dS_Regge/3]
        s   s k^2    gauge (-0.000)     tran (-0.000)      TT (-24.247)     conf (72.774)
      3.0   0.029  139.4332    null  142.0067    null   -8.1303  0.3353 2236.4305 30.7312
      4.0   0.039   70.9397    null   73.0839    null  -21.1261  0.8713 1214.2643 16.6855
      5.0   0.048   43.2801    null   45.1356    null  -23.3502  0.9630  781.8565 10.7436
      6.0   0.058   29.2195    null   30.8807    null  -23.8792  0.9848  557.7956  7.6648
      8.0   0.077   15.9202    null   17.3546    null  -24.0359  0.9913  343.1693  4.7156
     10.0   0.096   10.0119    null   11.3368    null  -23.9982  0.9897  246.9659  3.3936
     12.0   0.116    6.8762    null    8.1538    null  -23.9433  0.9875  195.7503  2.6898
     16.0   0.154    3.8172    null    5.0963    null  -23.8411  0.9833  145.9198  2.0051
     20.0   0.193    2.4246    null    3.7701    null  -23.7483  0.9794  123.6003  1.6984
     25.0   0.241    1.5426    null    3.0140    null  -23.6374  0.9749  110.0077  1.5116
     32.0   0.308    0.9368    null    2.6216    null  -23.4847  0.9686  101.5351  1.3952
     40.0   0.386    0.5974    null    2.5481    null  -23.3113  0.9614   97.8058  1.3440
     50.0   0.482    0.3813    null    2.6738    null  -23.0951  0.9525   96.6374  1.3279
     60.0   0.578    0.2645    null    2.9018    null  -22.8698  0.9432   97.0997  1.3343
     80.0   0.771    0.1545    null    3.5798    null  -22.1360  0.9129  100.0326  1.3746

  plain operator:  (P(s)-dVol)/s   [-> dS_Regge/3]
        s   s k^2    gauge (-0.000)     tran (-0.000)      TT (-24.247)     conf (72.774)
      3.0   0.029   67.7925    null   70.2339    null -425.8647 17.5636 3591.6593 49.3537
      4.0   0.039   22.2278    null   24.3244    null -260.5487 10.7456 1868.7159 25.6784
      5.0   0.048   10.0441    null   11.8773    null -176.9658  7.2985 1169.9479 16.0765
      6.0   0.058    5.4065    null    7.0553    null -130.5128  5.3826  815.2059 11.2019
      8.0   0.077    2.0988    null    3.5282    null  -83.9345  3.4616  480.4847  6.6024
     10.0   0.096    1.0244    null    2.3469    null  -62.3033  2.5695  332.2906  4.5661
     12.0   0.116    0.5743    null    1.8505    null  -50.5370  2.0843  253.9140  3.4891
     16.0   0.154    0.2326    null    1.5112    null  -38.8060  1.6004  177.9446  2.4452
     20.0   0.193    0.1159    null    1.4612    null  -33.3361  1.3749  143.8666  1.9769
     25.0   0.241    0.0580    null    1.5292    null  -29.7845  1.2284  122.8821  1.6885
     32.0   0.308    0.0269    null    1.7117    null  -27.2477  1.1238  109.3590  1.5027
     40.0   0.386    0.0135    null    1.9641    null  -25.7285  1.0611  102.8095  1.4127
     50.0   0.482    0.0067    null    2.2993    null  -24.6493  1.0166   99.8472  1.3720
     60.0   0.578    0.0040    null    2.6418    null  -23.9534  0.9879   99.3389  1.3650
     80.0   0.771    0.0079    null    3.4367    null  -22.7437  0.9380  101.3115  1.3921
