T31  r* = value after Richardson in a AND linear removal of the s k^2 tail
  op          channel    fit window in s(32)    s k^2 range        r*     slope
 imp   TT  (0,1,-1,0)          [5, 6, 8, 10]    0.193-0.386    0.9974   -0.0958
 imp   TT  (0,1,-1,0)         [6, 8, 10, 12]    0.231-0.463    0.9958   -0.0909
 imp   TT  (0,1,-1,0)        [8, 10, 12, 16]    0.308-0.617    0.9969   -0.0942
 imp   TT  (0,1,-1,0)       [10, 12, 16, 20]    0.386-0.771    1.0099   -0.1222
 imp   TT  (0,1,-1,0) [6, 8, 10, 12, 16, 20]    0.231-0.771    1.0028   -0.1110

 imp    conf(1,1,1,1)          [5, 6, 8, 10]    0.193-0.386    0.8846    0.7548
 imp    conf(1,1,1,1)         [6, 8, 10, 12]    0.231-0.463    0.9427    0.5733
 imp    conf(1,1,1,1)        [8, 10, 12, 16]    0.308-0.617    0.9953    0.4401
 imp    conf(1,1,1,1)       [10, 12, 16, 20]    0.386-0.771    1.0158    0.4000
 imp    conf(1,1,1,1) [6, 8, 10, 12, 16, 20]    0.231-0.771    0.9821    0.4543

 pln   TT  (0,1,-1,0)          [5, 6, 8, 10]    0.193-0.386    0.9852   -0.0662
 pln   TT  (0,1,-1,0)         [6, 8, 10, 12]    0.231-0.463    0.9876   -0.0740
 pln   TT  (0,1,-1,0)        [8, 10, 12, 16]    0.308-0.617    0.9931   -0.0882
 pln   TT  (0,1,-1,0)       [10, 12, 16, 20]    0.386-0.771    1.0077   -0.1195
 pln   TT  (0,1,-1,0) [6, 8, 10, 12, 16, 20]    0.231-0.771    0.9978   -0.1038

 pln    conf(1,1,1,1)          [5, 6, 8, 10]    0.193-0.386    0.7525    1.0964
 pln    conf(1,1,1,1)         [6, 8, 10, 12]    0.231-0.463    0.8692    0.7325
 pln    conf(1,1,1,1)        [8, 10, 12, 16]    0.308-0.617    0.9673    0.4851
 pln    conf(1,1,1,1)       [10, 12, 16, 20]    0.386-0.771    1.0015    0.4182
 pln    conf(1,1,1,1) [6, 8, 10, 12, 16, 20]    0.231-0.771    0.9406    0.5165

