CONSTRUCTION
GROUPS 13 OUTPUTS 16
TABLE 13 EXTENSION_RAW 294 FULL_RAW 9422
MISMATCHES 0 ()
MULTI 0
REPAIR 0 (((5, 2, -3),), ((5, 2, -3),), (((-1, 0, 0), 'A_0_0'), ((0, 1, 0), 'OZ')), 'J6')
REPAIR 1 (((5, 2, -4), (6, 2, -3)), ((5, 2, -4), (6, 2, -3)), (((0, 0, 1), 'J6'),), 'J2')
REPAIR 2 (((5, 3, -4), (6, 3, -3)), ((5, 3, -4), (6, 3, -3)), (((0, -1, 0), 'J2'), ((0, 0, 1), 'OZ')), 'R_A13')
REPAIR 3 (((4, 3, -4),), ((4, 3, -4),), (((0, 0, 1), 'W3'), ((1, 0, 0), 'R_A13')), 'A_2_0')

CONDITIONAL FACTOR
GRAPH {'states': 1002, 'edges': 3285, 'terminals': 0, 'max_frontier': 6, 'diamond_pairs': 5310}
BAD ((12, 'diamond', (-1, 2, -1), (-1, 2, -2)),) REACHED 28
DIAMOND_FAILURES ((12, (-1, 2, -1), (-1, 2, -2)),)

WHOLE-HISTORY STATIC SCREEN
UNEXPECTED 9 NEW ((5, 2, -2),)
WRONG 164 NEW 9 (((-9, 0, -1), ((-9, 0, 0), (-8, 0, -1)), ((-10, 0, -1), (-9, 0, 0), (-9, 1, -1), (-8, 0, -1)), ('J6',)), ((-8, 0, 0), ((-9, 0, 0), (-8, 0, -1)), ((-9, 0, 0), (-8, 0, -1), (-8, 0, 1), (-8, 1, 0), (-7, 0, 0)), ('J6',)), ((-5, 0, -1), ((-5, 0, 0), (-4, 0, -1)), ((-6, 0, -1), (-5, 0, 0), (-5, 1, -1), (-4, 0, -1)), ('J6',)), ((-4, 0, 0), ((-5, 0, 0), (-4, 0, -1)), ((-5, 0, 0), (-4, 0, -1), (-4, 0, 1), (-4, 1, 0), (-3, 0, 0)), ('J6',)), ((5, 2, -3), ((5, 2, -4), (5, 3, -3)), ((4, 2, -3), (5, 2, -4), (5, 3, -3), (6, 2, -3)), ('R_A13',)))
WHOLE_GRAPH 2000001 14597143 0 15 (('state-limit', 2000000),) 91
TERMINAL_ENABLED {(-11, 1, 2): frozenset({'R_B21'})}
RESULT GUARDED_HISTORY_REJECTED
