RAW_COUNTS C112 8048 OLD_RAIL 1080 CORE 6968 CELL 1320 REPLACEMENT 8288
CONFLICTS 0
CORE_INPUT_ROLES 143
EXTRA_CANDIDATES 101
INERT_ROLES 0 ()
CORE_UNEXPECTED ()
CORE_WRONG 20 (((0, 6, 2), ((0, 6, 1), (1, 6, 2)), ((0, 6, 1), (0, 6, 3), (1, 6, 2)), ('R_B23',)), ((2, 4, 3), ((2, 5, 3),), ((1, 4, 3), (2, 5, 3), (3, 4, 3)), ('H1',)), ((3, 5, 3), ((2, 5, 3), (3, 4, 3)), ((2, 5, 3), (3, 4, 3), (3, 5, 2), (3, 6, 3), (4, 5, 3)), ('R_B02',)), ((3, 5, 3), ((3, 4, 3), (4, 5, 3)), ((2, 5, 3), (3, 4, 3), (3, 5, 2), (3, 6, 3), (4, 5, 3)), ('H1',)), ((3, 5, 3), ((4, 5, 3),), ((2, 5, 3), (3, 4, 3), (3, 5, 2), (3, 6, 3), (4, 5, 3)), ('R_A31',)), ((3, 6, 1), ((3, 5, 1), (3, 6, 2)), ((2, 6, 1), (3, 5, 1), (3, 6, 0), (3, 6, 2), (4, 6, 1)), ('BACKSTOP',)), ((3, 6, 1), ((3, 6, 2), (4, 6, 1)), ((2, 6, 1), (3, 5, 1), (3, 6, 0), (3, 6, 2), (4, 6, 1)), ('R_B11',)), ((3, 6, 2), ((3, 6, 3), (4, 6, 2)), ((2, 6, 2), (3, 5, 2), (3, 6, 1), (3, 6, 3), (4, 6, 2)), ('T_H1',)), ((4, 4, 1), ((4, 3, 1),), ((4, 3, 1), (4, 4, 0), (4, 4, 2), (4, 5, 1)), ('H1',)), ((4, 4, 3), ((3, 4, 3), (4, 3, 3)), ((3, 4, 3), (4, 3, 3), (4, 4, 2), (4, 4, 4), (4, 5, 3), (5, 4, 3)), ('R_B02',)), ((4, 4, 3), ((4, 3, 3), (4, 4, 4)), ((3, 4, 3), (4, 3, 3), (4, 4, 2), (4, 4, 4), (4, 5, 3), (5, 4, 3)), ('T_N1',)), ((4, 4, 3), ((4, 3, 3), (5, 4, 3)), ((3, 4, 3), (4, 3, 3), (4, 4, 2), (4, 4, 4), (4, 5, 3), (5, 4, 3)), ('T_N1',)), ((4, 4, 3), ((4, 5, 3),), ((3, 4, 3), (4, 3, 3), (4, 4, 2), (4, 4, 4), (4, 5, 3), (5, 4, 3)), ('R_A31',)), ((4, 5, 1), ((3, 5, 1), (4, 5, 2)), ((3, 5, 1), (4, 4, 1), (4, 5, 0), (4, 5, 2), (4, 6, 1)), ('BACKSTOP',)), ((4, 5, 1), ((4, 5, 2), (4, 6, 1)), ((3, 5, 1), (4, 4, 1), (4, 5, 0), (4, 5, 2), (4, 6, 1)), ('R_B11',)), ((4, 5, 2), ((4, 5, 3),), ((3, 5, 2), (4, 4, 2), (4, 5, 1), (4, 5, 3), (4, 6, 2), (5, 5, 2)), ('R_A31',)), ((4, 5, 3), ((4, 4, 3), (4, 5, 4)), ((3, 5, 3), (4, 4, 3), (4, 5, 2), (4, 5, 4), (4, 6, 3), (5, 5, 3)), ('T_H2',)), ((4, 5, 3), ((4, 4, 3), (5, 5, 3)), ((3, 5, 3), (4, 4, 3), (4, 5, 2), (4, 5, 4), (4, 6, 3), (5, 5, 3)), ('T_H2',)), ((4, 5, 3), ((4, 5, 2), (5, 5, 3)), ((3, 5, 3), (4, 4, 3), (4, 5, 2), (4, 5, 4), (4, 6, 3), (5, 5, 3)), ('T_H2',)), ((4, 6, 3), ((4, 5, 3),), ((3, 6, 3), (4, 5, 3), (4, 6, 2)), ('R_A31',)))
CORE_GRAPH 23480 123202 1 (46,) 10 () () 46
CORE_REPLACEMENT_UNEXPECTED ()
CORE_REPLACEMENT_WRONG_DELTA 2 (((3, 6, 1), ((3, 5, 1),), ((2, 6, 1), (3, 5, 1), (3, 6, 0), (3, 6, 2), (4, 6, 1)), ('R_B21',)), ((4, 4, 3), ((3, 4, 3), (4, 4, 2)), ((3, 4, 3), (4, 3, 3), (4, 4, 2), (4, 4, 4), (4, 5, 3), (5, 4, 3)), ('OZ',)))
CORE_REPLACEMENT_GRAPH 73656 430754 1 (69,) 11 () () 69
CELL_GRAPH {'states': 1096, 'edges': 2701, 'bad_count': 0, 'terminals': ((((8, 2, 1), frozenset({'A_2_1'})),),), 'expected_count': 116, 'ignored': (((8, 2, 1), 'A_2_1'),)}
CELL_GRAPH_BAD ()
CELL_COMPILED 117
CELL_ONLY_UNEXPECTED ()
CELL_ONLY_WRONG 88
CELL_UNEXPECTED ()
CELL_WRONG 88
CELL_WRONG_DELTA 0
