probe q=0.3 (v=0.591), <H>=-1.90902 (band centre 0); capture releases V=1.0: photon k~1.099 (v=1.781); junction j0=200, start x=130, coupling g=1.0
  t   P(trap)  |psi_Bj0|  |psi_C0|   dE_trap(direct)  -2Re(g c0* bj0)   dE(sharp probe record on B)  dE(sharp photon record on C)
   0  0.0000  3.68e-05  0.00e+00   +0.000e+00       -0.000e+00          +1.9090                    +0.0000
  10  0.0000  8.11e-05  7.70e-05   +5.878e-09       +5.878e-09          +1.9090                    +0.0000
  20  0.0000  2.89e-04  2.69e-04   +7.221e-08       +7.221e-08          +1.9090                    +0.0000
  30  0.0000  9.36e-04  8.78e-04   +7.471e-07       +7.471e-07          +1.9090                    +0.0000
  40  0.0001  2.63e-03  2.49e-03   +5.907e-06       +5.907e-06          +1.9089                    +0.0001
  50  0.0004  6.36e-03  6.08e-03   +3.459e-05       +3.459e-05          +1.9083                    +0.0004
  60  0.0020  1.32e-02  1.27e-02   +1.487e-04       +1.487e-04          +1.9053                    +0.0019
  70  0.0078  2.34e-02  2.27e-02   +4.716e-04       +4.716e-04          +1.8945                    +0.0072
  80  0.0233  3.59e-02  3.52e-02   +1.121e-03       +1.121e-03          +1.8656                    +0.0212
  90  0.0548  4.82e-02  4.75e-02   +2.043e-03       +2.043e-03          +1.8065                    +0.0498
 100  0.1050  5.74e-02  5.70e-02   +2.936e-03       +2.936e-03          +1.7118                    +0.0951
 110  0.1692  6.17e-02  6.16e-02   +3.429e-03       +3.429e-03          +1.5903                    +0.1530
 120  0.2370  6.07e-02  6.09e-02   +3.358e-03       +3.358e-03          +1.4611                    +0.2143
 130  0.2982  5.56e-02  5.59e-02   +2.840e-03       +2.840e-03          +1.3440                    +0.2697
 140  0.3465  4.79e-02  4.84e-02   +2.133e-03       +2.133e-03          +1.2511                    +0.3136
 150  0.3808  3.94e-02  3.99e-02   +1.458e-03       +1.458e-03          +1.1847                    +0.3450
 160  0.4033  3.13e-02  3.17e-02   +9.266e-04       +9.266e-04          +1.1411                    +0.3656
 170  0.4171  2.42e-02  2.46e-02   +5.577e-04       +5.577e-04          +1.1142                    +0.3783
 180  0.4252  1.83e-02  1.86e-02   +3.227e-04       +3.227e-04          +1.0984                    +0.3858
 190  0.4298  1.37e-02  1.40e-02   +1.818e-04       +1.818e-04          +1.0894                    +0.3900
 200  0.4323  1.02e-02  1.04e-02   +1.008e-04       +1.008e-04          +1.0844                    +0.3924
 210  0.4337  7.54e-03  7.67e-03   +5.538e-05       +5.538e-05          +1.0816                    +0.3937
 220  0.4345  5.58e-03  5.67e-03   +3.039e-05       +3.039e-05          +1.0801                    +0.3944
 230  0.4349  4.13e-03  4.20e-03   +1.674e-05       +1.674e-05          +1.0793                    +0.3948
 240  0.4351  3.06e-03  3.11e-03   +9.221e-06       +9.221e-06          +1.0789                    +0.3951
final: P(captured) 0.4351; norm 1.000000000000; energy -1.90901513 (start -1.90901513)

per-tick formation instrument F = f P: total injected energy / expected records
   f       trap: inj/rec (records)          B site on path: inj/rec (records)      C site: inj/rec (records)
   1.0     +7.7617e-01 (0.4864)     +1.9078e+00 (0.3528)     +9.0955e-01 (0.2663)
   0.3     +9.0602e-02 (0.4498)     +1.9128e+00 (0.4412)     +9.0838e-01 (0.0744)
   0.1     +2.6859e-02 (0.4420)     +1.9145e+00 (0.2051)     +9.0815e-01 (0.0246)
   0.03    +7.7624e-03 (0.4395)     +1.9151e+00 (0.0697)     +9.0807e-01 (0.0074)
   0.01    +2.5608e-03 (0.4388)     +1.9153e+00 (0.0241)     +9.0805e-01 (0.0024)
   0.003   +7.6547e-04 (0.4385)     +1.9154e+00 (0.0073)     +9.0804e-01 (0.0007)
   reference depths below band centre: probe on B 2J_B cos q = 1.9107; photon on C (relative to its band centre -V): 0.9090
