[a] fcc16: N=16, oriented bonds 48; nnz J/K/D = 1617856/2134944/1310720; hermitian defect D 0.0e+00; t=0.5s
[b] th=0.000pi (t=+1.000, lam=+0.000): MF gap 2.828, |P psi| 1.41e-02; e_J=-0.96774 e_K=-0.32258 e_D=+0.00000
[b] th=0.083pi (t=+0.966, lam=+0.259): MF gap 1.464, |P psi| 1.41e-02; e_J=-0.96774 e_K=-0.32258 e_D=-0.00000
[b] th=0.167pi: open shell (gap 1.7e-16) -> skipped
[b] th=0.250pi (t=+0.707, lam=+0.707): MF gap 1.464, |P psi| 1.27e-02; e_J=+0.03859 e_K=-0.17201 e_D=-0.36126
[b] th=0.333pi: open shell (gap 3.2e-16) -> skipped
[b] th=0.417pi (t=+0.259, lam=+0.966): MF gap 2.536, |P psi| 1.54e-02; e_J=+0.36296 e_K=-0.36296 e_D=-0.00000
[b] th=0.500pi (t=+0.000, lam=+1.000): MF gap 4.899, |P psi| 1.54e-02; e_J=+0.36296 e_K=-0.36296 e_D=-0.00000
[b] th=0.583pi (t=-0.259, lam=+0.966): MF gap 2.536, |P psi| 1.54e-02; e_J=+0.36296 e_K=-0.36296 e_D=-0.00000
[b] th=0.667pi: open shell (gap 8.6e-16) -> skipped
[b] th=0.750pi (t=-0.707, lam=+0.707): MF gap 1.464, |P psi| 1.27e-02; e_J=+0.03859 e_K=-0.17201 e_D=+0.36126
[b] th=0.833pi: open shell (gap 2.4e-16) -> skipped
[b] th=0.917pi (t=-0.966, lam=+0.259): MF gap 1.464, |P psi| 1.41e-02; e_J=-0.96774 e_K=-0.32258 e_D=+0.00000
[b] KS pi-flux scalar ansatz APBC: MF gap 4.899; e_J=-1.08889 e_K=-0.36296 e_D=+0.00000
[b] KS pi-flux scalar ansatz PBC: open shell
[b] Klein frame: S^2 of soldered state = 15.5429; S^2 of V^dag-rotated soldered state = 1.48e-29 (0 = singlet)
[b]   |<V^dag soldered | pi_APBC>| = 1.000000
[b] S^2 of t-only state = 1.77e-29; t=1.9s
[c] aligned z     : classical (e_J,e_K,e_D) = [1.      0.33333 0.     ]  (quantum check 0.0e+00)
[c] aligned 111   : classical (e_J,e_K,e_D) = [1.      0.33333 0.     ]  (quantum check 6.9e-14)
[c] Neel z        : classical (e_J,e_K,e_D) = [-1.      -0.33333  0.     ]  (quantum check 0.0e+00)
[c] compass stag  : classical (e_J,e_K,e_D) = [ 0.33333 -0.33333  0.     ]  (quantum check 1.3e-14)
[c] Moriya spiral : classical (e_J,e_K,e_D) = [-0.      -0.      -0.57735]  (quantum check 1.8e-14)
[d] columns: beta,phi (deg) | J K D | E0/bond deg gap | E_cl(greedy) E_named_best | parton: E_sold ov_sold | best th E ov | t-only E ov | pi-flux E ov | named-product best ov
   0     0 | +1.000 +0.000 +0.000 | -1.29819 1  0.0651 | -1.00000 -1.00000 | +0.36296 0.0000 | 0.083pi -0.96774 0.6152 | -0.96774 0.6152 | -1.08889 0.7221 | 0.1018
   0    15 | +0.966 +0.259 +0.000 | -1.36622 1  0.0685 | -1.05220 -1.05220 | +0.25665 0.0000 | 0.083pi -1.01826 0.6144 | -1.01826 0.6144 | -1.14573 0.7223 | 0.1018
   0    30 | +0.866 +0.500 +0.000 | -1.34161 1  0.0672 | -1.03269 -1.03269 | +0.13285 0.0000 | 0.083pi -0.99938 0.6122 | -0.99938 0.6122 | -1.12449 0.7230 | 0.1016
   0    45 | +0.707 +0.707 +0.000 | -1.22605 1  0.0612 | -0.94281 -0.94281 | +0.00000 0.0000 | 0.083pi -0.91240 0.6080 | -0.91240 0.6080 | -1.02661 0.7241 | 0.1013
   0    60 | +0.500 +0.866 +0.000 | -1.02759 1  0.0510 | -0.78868 -0.78868 | -0.13285 0.0000 | 0.083pi -0.76323 0.5996 | -0.76323 0.5996 | -0.85878 0.7263 | 0.1006
   0    75 | +0.259 +0.966 +0.000 | -0.76040 1  0.0373 | -0.58079 -0.58079 | -0.25665 0.0000 | 0.083pi -0.56206 0.5771 | -0.56206 0.5771 | -0.63242 0.7311 | 0.0985
   0    90 | +0.000 +1.000 +0.000 | -0.45557 1  0.0081 | -0.33333 -0.33333 | -0.36296 0.2722 | 0.417pi -0.36296 0.2722 | -0.32258 0.1223 | -0.36296 0.2722 | 0.0284
   0   105 | -0.259 +0.966 +0.000 | -0.53192 1  0.0264 | -0.40825 -0.40825 | -0.44454 0.7263 | 0.417pi -0.44454 0.7263 | -0.06112 0.0001 | -0.06877 0.0000 | 0.0995
   0   120 | -0.500 +0.866 +0.000 | -0.59130 1  0.0296 | -0.45534 -0.45534 | -0.49582 0.7224 | 0.417pi -0.49582 0.7224 | +0.20451 0.0000 | +0.23011 0.0000 | 0.1016
   0   135 | -0.707 +0.707 +0.000 | -0.61929 1  0.0301 | -0.47140 -0.47140 | -0.51331 0.7222 | 0.417pi -0.51331 0.7222 | +0.45620 0.0000 | +0.51331 0.0000 | 0.0912
   0   150 | -0.866 +0.500 +0.000 | -0.71706 1  0.0009 | -0.69936 -0.69936 | -0.49582 0.0814 | 0.417pi -0.49582 0.0814 | +0.67680 0.0000 | +0.76152 0.0000 | 0.1506
   0   165 | -0.966 +0.259 +0.000 | -0.88283 1  0.0001 | -0.87965 -0.87965 | -0.44454 0.0248 | 0.417pi -0.44454 0.0248 | +0.85128 0.0000 | +0.95784 0.0000 | 0.1672
   0   180 | -1.000 +0.000 +0.000 | -1.00000 3  0.1667 | -1.00000 -1.00000 | -0.36296 0.0025 | 0.417pi -0.36296 0.0025 | +0.96774 0.0000 | +1.08889 0.0000 | 0.9387
   0   195 | -0.966 -0.259 +0.000 | -1.05458 1  0.0000 | -1.05220 -1.05220 | -0.25665 0.0104 | 0.417pi -0.25665 0.0104 | +1.01826 0.0000 | +1.14573 0.0000 | 0.1682
   0   210 | -0.866 -0.500 +0.000 | -1.04145 1  0.0001 | -1.03269 -1.03269 | -0.13285 0.0077 | 0.500pi -0.13285 0.0077 | +0.99938 0.0000 | +1.12449 0.0000 | 0.1653
   0   225 | -0.707 -0.707 +0.000 | -0.96142 1  0.0002 | -0.94281 -0.94281 | -0.00000 0.0057 | 0.500pi -0.00000 0.0057 | +0.91240 0.0000 | +1.02661 0.0000 | 0.1605
   0   240 | -0.500 -0.866 +0.000 | -0.82109 1  0.0004 | -0.78868 -0.78868 | +0.13285 0.0039 | 0.750pi +0.12967 0.0000 | +0.76323 0.0000 | +0.85878 0.0000 | 0.1519
   0   255 | -0.259 -0.966 +0.000 | -0.63467 1  0.0013 | -0.58079 -0.58079 | +0.25665 0.0021 | 0.750pi +0.15616 0.0000 | +0.56206 0.0000 | +0.63242 0.0000 | 0.1309
   0   270 | -0.000 -1.000 +0.000 | -0.45557 1  0.0081 | -0.33333 -0.33333 | +0.36296 0.0002 | 0.750pi +0.17201 0.0000 | +0.32258 0.0002 | +0.36296 0.0002 | 0.0284
   0   285 | +0.259 -0.966 +0.000 | -0.42503 1  0.0002 | -0.40825 -0.06316 | +0.44454 0.0000 | 0.083pi +0.06112 0.0002 | +0.06112 0.0002 | +0.06877 0.0039 | 0.0005
   0   300 | +0.500 -0.866 +0.000 | -0.45699 1  0.0000 | -0.45534 -0.21132 | +0.49582 0.0000 | 0.083pi -0.20451 0.0000 | -0.20451 0.0000 | -0.23011 0.0248 | 0.0002
   0   315 | +0.707 -0.707 +0.000 | -0.61929 1  0.0301 | -0.47140 -0.47140 | +0.51331 0.0000 | 0.083pi -0.45620 0.5476 | -0.45620 0.5476 | -0.51331 0.7222 | 0.0951
   0   330 | +0.866 -0.500 +0.000 | -0.90966 1  0.0454 | -0.69936 -0.69936 | +0.49582 0.0000 | 0.083pi -0.67680 0.6063 | -0.67680 0.6063 | -0.76152 0.7239 | 0.1011
   0   345 | +0.966 -0.259 +0.000 | -1.14230 1  0.0573 | -0.87965 -0.87965 | +0.44454 0.0000 | 0.083pi -0.85128 0.6139 | -0.85128 0.6139 | -0.95784 0.7224 | 0.1017
  30     0 | +0.866 +0.000 +0.500 | -1.13837 1  0.0546 | -0.86603 -0.86603 | +0.31434 0.0000 | 0.083pi -0.83809 0.5912 | -0.83809 0.5912 | -0.94301 0.7050 | 0.0987
  30    30 | +0.750 +0.433 +0.500 | -1.17596 1  0.0565 | -0.89434 -0.89434 | +0.11505 0.0000 | 0.083pi -0.86549 0.5879 | -0.86549 0.5879 | -0.97383 0.7060 | 0.0984
  30    60 | +0.433 +0.750 +0.500 | -0.90988 1  0.0424 | -0.68301 -0.68301 | -0.11505 0.0000 | 0.083pi -0.66098 0.5500 | -0.66098 0.5500 | -0.74372 0.6912 | 0.0939
  30    90 | +0.000 +0.866 +0.500 | -0.52131 1  0.0333 | -0.28868 -0.28868 | -0.31434 0.0161 | 0.250pi -0.32960 0.0357 | -0.27936 0.0079 | -0.31434 0.0347 | 0.0118
  30   120 | -0.433 +0.750 +0.500 | -0.54737 1  0.0232 | -0.39434 -0.39434 | -0.42939 0.5416 | 0.417pi -0.42939 0.5416 | +0.17711 0.0000 | +0.19928 0.0000 | 0.0812
  30   150 | -0.750 +0.433 +0.500 | -0.62245 1  0.0013 | -0.60566 -0.60566 | -0.42939 0.1035 | 0.417pi -0.42939 0.1035 | +0.58612 0.0000 | +0.65950 0.0000 | 0.1443
  30   180 | -0.866 +0.000 +0.500 | -0.86603 4+ nan | -0.86603 -0.86603 | -0.31434 0.0057 | 0.417pi -0.31434 0.0057 | +0.83809 0.0000 | +0.94301 0.0000 | 0.9359
  30   210 | -0.750 -0.433 +0.500 | -0.90199 1  0.0001 | -0.89434 -0.89434 | -0.11505 0.0077 | 0.250pi -0.13509 0.0000 | +0.86549 0.0000 | +0.97383 0.0000 | 0.1652
  30   240 | -0.433 -0.750 +0.500 | -0.71141 1  0.0003 | -0.68301 -0.68301 | +0.11505 0.0039 | 0.250pi -0.06833 0.0000 | +0.66098 0.0000 | +0.74372 0.0000 | 0.1513
  30   270 | -0.000 -0.866 +0.500 | -0.39684 1  0.0067 | -0.28868 -0.28868 | +0.31434 0.0002 | 0.250pi -0.03167 0.0000 | +0.27936 0.0003 | +0.31434 0.0001 | 0.0277
  30   300 | +0.433 -0.750 +0.500 | -0.39597 1  0.0000 | -0.39434 -0.28868 | +0.42939 0.0000 | 0.083pi -0.17711 0.0001 | -0.17711 0.0001 | -0.19928 0.0300 | 0.0003
  30   330 | +0.750 -0.433 +0.500 | -0.80769 1  0.0367 | -0.60566 -0.60566 | +0.42939 0.0000 | 0.083pi -0.58612 0.5606 | -0.58612 0.5606 | -0.65950 0.6887 | 0.0949
  60     0 | +0.500 +0.000 +0.866 | -0.76843 1  0.0467 | -0.50000 -0.50000 | +0.18148 0.0000 | 0.083pi -0.48387 0.1514 | -0.48387 0.1514 | -0.54444 0.2723 | 0.0290
  60    30 | +0.433 +0.250 +0.866 | -0.79193 1  0.0490 | -0.51635 -0.51635 | +0.06643 0.0000 | 0.083pi -0.49969 0.1425 | -0.49969 0.1425 | -0.56224 0.2637 | 0.0283
  60    60 | +0.250 +0.433 +0.866 | -0.75473 1  0.0457 | -0.50000 -0.50000 | -0.06643 0.0001 | 0.083pi -0.38162 0.0103 | -0.38162 0.0103 | -0.42939 0.0445 | 0.0180
  60    90 | +0.000 +0.500 +0.866 | -0.71679 1  0.0397 | -0.50000 -0.50000 | -0.18148 0.0007 | 0.250pi -0.39887 0.0131 | -0.16129 0.0002 | -0.18148 0.0070 | 0.0206
  60   120 | -0.250 +0.433 +0.866 | -0.67775 1  0.0342 | -0.50000 -0.50000 | -0.24791 0.0020 | 0.250pi -0.39699 0.0185 | +0.10225 0.0000 | +0.11505 0.0023 | 0.0219
  60   150 | -0.433 +0.250 +0.866 | -0.63969 1  0.0270 | -0.50000 -0.50000 | -0.24791 0.0028 | 0.250pi -0.37257 0.0197 | +0.33840 0.0000 | +0.38076 0.0012 | 0.0246
  60   180 | -0.500 +0.000 +0.866 | -0.60740 1  0.0179 | -0.50000 -0.50000 | -0.18148 0.0014 | 0.250pi -0.33216 0.0165 | +0.48387 0.0000 | +0.54444 0.0009 | 0.0198
  60   210 | -0.433 -0.250 +0.866 | -0.58566 1  0.0136 | -0.51635 -0.51635 | -0.06643 0.0003 | 0.250pi -0.28657 0.0108 | +0.49969 0.0000 | +0.56224 0.0010 | 0.0206
  60   240 | -0.250 -0.433 +0.866 | -0.58010 1  0.0160 | -0.50000 -0.50000 | +0.06643 0.0001 | 0.250pi -0.24803 0.0063 | +0.38162 0.0000 | +0.42939 0.0014 | 0.0231
  60   270 | -0.000 -0.500 +0.866 | -0.59528 1  0.0202 | -0.50000 -0.50000 | +0.18148 0.0000 | 0.250pi -0.22686 0.0044 | +0.16129 0.0000 | +0.18148 0.0025 | 0.0246
  60   300 | +0.250 -0.433 +0.866 | -0.63199 1  0.0266 | -0.50000 -0.50000 | +0.24791 0.0000 | 0.250pi -0.22873 0.0034 | -0.10225 0.0003 | -0.11505 0.0072 | 0.0243
  60   330 | +0.433 -0.250 +0.866 | -0.69023 1  0.0365 | -0.50000 -0.50000 | +0.24791 0.0000 | 0.083pi -0.33840 0.0118 | -0.33840 0.0118 | -0.38076 0.0457 | 0.0204
  90     0 | +0.000 +0.000 +1.000 | -0.75071 1  0.0350 | -0.57735 -0.57735 | +0.00000 0.0001 | 0.250pi -0.36126 0.0076 | -0.00000 0.0000 | -0.00000 0.0040 | 0.0230
[d] done; total 38.0s
