[a] 224: N=16, oriented bonds 48; nnz J/K/D = 1100472/1086368/524288; hermitian defect D 0.0e+00; t=0.5s
[b] th=0.000pi (t=+1.000, lam=+0.000): MF gap 2.828, |P psi| 3.52e-02; e_J=-0.66667 e_K=-0.22222 e_D=-0.00000
[b] th=0.083pi (t=+0.966, lam=+0.259): MF gap 1.095, |P psi| 3.52e-02; e_J=-0.66667 e_K=-0.22222 e_D=-0.00000
[b] th=0.167pi (t=+0.866, lam=+0.500): MF gap 0.713, |P psi| 2.43e-02; e_J=+0.47340 e_K=-0.47340 e_D=-0.00000
[b] th=0.250pi (t=+0.707, lam=+0.707): MF gap 2.472, |P psi| 2.43e-02; e_J=+0.47340 e_K=-0.47340 e_D=-0.00000
[b] th=0.333pi (t=+0.500, lam=+0.866): MF gap 4.063, |P psi| 2.43e-02; e_J=+0.47340 e_K=-0.47340 e_D=-0.00000
[b] th=0.417pi (t=+0.259, lam=+0.966): MF gap 5.377, |P psi| 2.43e-02; e_J=+0.47340 e_K=-0.47340 e_D=+0.00000
[b] th=0.500pi (t=+0.000, lam=+1.000): MF gap 6.325, |P psi| 2.43e-02; e_J=+0.47340 e_K=-0.47340 e_D=-0.00000
[b] th=0.583pi (t=-0.259, lam=+0.966): MF gap 5.377, |P psi| 2.43e-02; e_J=+0.47340 e_K=-0.47340 e_D=-0.00000
[b] th=0.667pi (t=-0.500, lam=+0.866): MF gap 4.063, |P psi| 2.43e-02; e_J=+0.47340 e_K=-0.47340 e_D=-0.00000
[b] th=0.750pi (t=-0.707, lam=+0.707): MF gap 2.472, |P psi| 2.43e-02; e_J=+0.47340 e_K=-0.47340 e_D=+0.00000
[b] th=0.833pi (t=-0.866, lam=+0.500): MF gap 0.713, |P psi| 2.43e-02; e_J=+0.47340 e_K=-0.47340 e_D=-0.00000
[b] th=0.917pi (t=-0.966, lam=+0.259): MF gap 1.095, |P psi| 3.52e-02; e_J=-0.66667 e_K=-0.22222 e_D=+0.00000
[b] KS pi-flux scalar ansatz APBC: MF gap 2.828; e_J=-0.66667 e_K=-0.22222 e_D=-0.00000
[b] KS pi-flux scalar ansatz PBC: MF gap 5.657; e_J=-1.41399 e_K=-0.47133 e_D=+0.00000
[b] Klein frame: S^2 of soldered state = 14.2680; S^2 of V^dag-rotated soldered state = 9.60e-30 (0 = singlet)
[b]   |<V^dag soldered | pi_APBC>| = 0.179711
[b]   |<V^dag soldered | pi_PBC>| = 0.997715
[b] S^2 of t-only state = 8.53e-30; t=2.5s
[c] aligned z     : classical (e_J,e_K,e_D) = [1.      0.33333 0.     ]  (quantum check 0.0e+00)
[c] aligned 111   : classical (e_J,e_K,e_D) = [1.      0.33333 0.     ]  (quantum check 6.9e-14)
[c] Neel z        : classical (e_J,e_K,e_D) = [-1.      -0.33333  0.     ]  (quantum check 0.0e+00)
[c] compass stag  : classical (e_J,e_K,e_D) = [ 0.33333 -0.33333  0.     ]  (quantum check 8.6e-15)
[c] Moriya spiral : classical (e_J,e_K,e_D) = [ 0.       0.      -0.19245]  (quantum check 2.2e-16)
[d] columns: beta,phi (deg) | J K D | E0/bond deg gap | E_cl(greedy) E_named_best | parton: E_sold ov_sold | best th E ov | t-only E ov | pi-flux E ov | named-product best ov
   0     0 | +1.000 +0.000 +0.000 | -1.47575 1  0.0905 | -1.00000 -1.00000 | +0.47340 0.0000 | 0.083pi -0.66667 0.0722 | -0.66667 0.0722 | -0.66667 0.0722 | 0.0616
   0    15 | +0.966 +0.259 +0.000 | -1.55345 1  0.0915 | -1.05220 -1.05220 | +0.33474 0.0000 | 0.083pi -0.70147 0.0719 | -0.70147 0.0719 | -0.70147 0.0719 | 0.0668
   0    30 | +0.866 +0.500 +0.000 | -1.52651 1  0.0868 | -1.03269 -1.03269 | +0.17328 0.0000 | 0.083pi -0.68846 0.0710 | -0.68846 0.0710 | -0.68846 0.0710 | 0.0716
   0    45 | +0.707 +0.707 +0.000 | -1.39680 1  0.0768 | -0.94281 -0.94281 | -0.00000 0.0000 | 0.083pi -0.62854 0.0694 | -0.62854 0.0694 | -0.62854 0.0694 | 0.0766
   0    60 | +0.500 +0.866 +0.000 | -1.17361 1  0.0622 | -0.78868 -0.78868 | -0.17328 0.0000 | 0.000pi -0.52578 0.0662 | -0.52578 0.0662 | -0.52578 0.0662 | 0.0825
   0    75 | +0.259 +0.966 +0.000 | -0.87366 1  0.0449 | -0.58079 -0.58079 | -0.33474 0.0000 | 0.000pi -0.38720 0.0587 | -0.38720 0.0587 | -0.38720 0.0587 | 0.0896
   0    90 | +0.000 +1.000 +0.000 | -0.53176 1  0.0067 | -0.33333 -0.33333 | -0.47340 0.2947 | 0.500pi -0.47340 0.2947 | -0.22222 0.0553 | -0.22222 0.0553 | 0.0265
   0   105 | -0.259 +0.966 +0.000 | -0.60750 1  0.0322 | -0.40825 -0.40825 | -0.57979 0.8418 | 0.500pi -0.57979 0.8418 | -0.04210 0.0028 | -0.04210 0.0028 | 0.0580
   0   120 | -0.500 +0.866 +0.000 | -0.67240 1  0.0403 | -0.45534 -0.45534 | -0.64668 0.8378 | 0.500pi -0.64668 0.8378 | +0.14088 0.0010 | +0.14088 0.0010 | 0.0612
   0   135 | -0.707 +0.707 +0.000 | -0.70967 1  0.0420 | -0.47140 -0.47140 | -0.66949 0.8328 | 0.500pi -0.66949 0.8328 | +0.31427 0.0003 | +0.31427 0.0003 | 0.0485
   0   150 | -0.866 +0.500 +0.000 | -0.74926 1  0.0051 | -0.69936 -0.69936 | -0.64668 0.3663 | 0.500pi -0.64668 0.3663 | +0.46624 0.0000 | +0.46624 0.0000 | 0.1996
   0   165 | -0.966 +0.259 +0.000 | -0.88727 1  0.0000 | -0.87965 -0.87965 | -0.57979 0.0263 | 0.500pi -0.57979 0.0263 | +0.58644 0.0000 | +0.58644 0.0000 | 0.4707
   0   180 | -1.000 +0.000 +0.000 | -1.00000 3  0.0833 | -1.00000 -1.00000 | -0.47340 0.0042 | 0.500pi -0.47340 0.0042 | +0.66667 0.0000 | +0.66667 0.0000 | 0.2017
   0   195 | -0.966 -0.259 +0.000 | -1.05770 1  0.0000 | -1.05220 -1.05220 | -0.33474 0.0047 | 0.500pi -0.33474 0.0047 | +0.70147 0.0000 | +0.70147 0.0000 | 0.4904
   0   210 | -0.866 -0.500 +0.000 | -1.05257 1  0.0000 | -1.03269 -1.03269 | -0.17328 0.0027 | 0.500pi -0.17328 0.0027 | +0.68846 0.0000 | +0.68846 0.0000 | 0.4703
   0   225 | -0.707 -0.707 +0.000 | -0.98424 1  0.0001 | -0.94281 -0.94281 | +0.00000 0.0015 | 0.417pi -0.00000 0.0015 | +0.62854 0.0000 | +0.62854 0.0000 | 0.4382
   0   240 | -0.500 -0.866 +0.000 | -0.85897 1  0.0006 | -0.78868 -0.78868 | +0.17328 0.0008 | 0.417pi +0.17328 0.0008 | +0.52578 0.0000 | +0.52578 0.0000 | 0.3866
   0   255 | -0.259 -0.966 +0.000 | -0.69245 1  0.0046 | -0.58079 -0.58079 | +0.33474 0.0003 | 0.417pi +0.33474 0.0003 | +0.38720 0.0000 | +0.38720 0.0000 | 0.2828
   0   270 | -0.000 -1.000 +0.000 | -0.53176 1  0.0067 | -0.33333 -0.33333 | +0.47340 0.0000 | 0.917pi +0.22222 0.0012 | +0.22222 0.0012 | +0.22222 0.0012 | 0.0265
   0   285 | +0.259 -0.966 +0.000 | -0.44464 1  0.0003 | -0.40825 -0.06316 | +0.57979 0.0000 | 0.917pi +0.04210 0.0001 | +0.04210 0.0001 | +0.04210 0.0001 | 0.1132
   0   300 | +0.500 -0.866 +0.000 | -0.45929 1  0.0000 | -0.45534 -0.21132 | +0.64668 0.0000 | 0.083pi -0.14088 0.0006 | -0.14088 0.0006 | -0.14088 0.0006 | 0.0044
   0   315 | +0.707 -0.707 +0.000 | -0.70967 1  0.0420 | -0.47140 -0.47140 | +0.66949 0.0000 | 0.083pi -0.31427 0.0596 | -0.31427 0.0596 | -0.31427 0.0596 | 0.0271
   0   330 | +0.866 -0.500 +0.000 | -1.03618 1  0.0608 | -0.69936 -0.69936 | +0.64668 0.0000 | 0.083pi -0.46624 0.0694 | -0.46624 0.0694 | -0.46624 0.0694 | 0.0597
   0   345 | +0.966 -0.259 +0.000 | -1.29898 1  0.0779 | -0.87965 -0.87965 | +0.57979 0.0000 | 0.083pi -0.58644 0.0717 | -0.58644 0.0717 | -0.58644 0.0717 | 0.0643
  30     0 | +0.866 +0.000 +0.500 | -1.29126 1  0.0757 | -0.86603 -0.86603 | +0.40998 0.0000 | 0.083pi -0.57735 0.0635 | -0.57735 0.0635 | -0.57735 0.0635 | 0.0635
  30    30 | +0.750 +0.433 +0.500 | -1.33782 1  0.0744 | -0.89434 -0.89434 | +0.15006 0.0000 | 0.083pi -0.59623 0.0598 | -0.59623 0.0598 | -0.59623 0.0598 | 0.0721
  30    60 | +0.433 +0.750 +0.500 | -1.04635 1  0.0597 | -0.70534 -0.68301 | -0.15006 0.0000 | 0.000pi -0.45534 0.0394 | -0.45534 0.0394 | -0.45534 0.0394 | 0.0735
  30    90 | +0.000 +0.866 +0.500 | -0.58752 1  0.0140 | -0.45534 -0.28868 | -0.40998 0.0004 | 0.500pi -0.40998 0.0004 | -0.19245 0.0001 | -0.19245 0.0001 | 0.1248
  30   120 | -0.433 +0.750 +0.500 | -0.58901 1  0.0183 | -0.39434 -0.39434 | -0.56004 0.7616 | 0.500pi -0.56004 0.7616 | +0.12201 0.0012 | +0.12201 0.0012 | 0.0621
  30   150 | -0.750 +0.433 +0.500 | -0.64972 1  0.0049 | -0.60566 -0.60566 | -0.56004 0.3910 | 0.500pi -0.56004 0.3910 | +0.40377 0.0000 | +0.40377 0.0000 | 0.1870
  30   180 | -0.866 +0.000 +0.500 | -0.86603 2  0.0305 | -0.86603 -0.86603 | -0.40998 0.0037 | 0.500pi -0.40998 0.0037 | +0.57735 0.0000 | +0.57735 0.0000 | 0.1121
  30   210 | -0.750 -0.433 +0.500 | -0.91156 1  0.0000 | -0.89434 -0.89434 | -0.15006 0.0027 | 0.500pi -0.15006 0.0027 | +0.59623 0.0000 | +0.59623 0.0000 | 0.4702
  30   240 | -0.433 -0.750 +0.500 | -0.75362 1  0.0042 | -0.70534 -0.68301 | +0.15006 0.0000 | 0.417pi +0.15006 0.0000 | +0.45534 0.0000 | +0.45534 0.0000 | 0.0996
  30   270 | -0.000 -0.866 +0.500 | -0.51582 1  0.0045 | -0.45534 -0.28868 | +0.40998 0.0000 | 0.917pi +0.19245 0.0001 | +0.19245 0.0001 | +0.19245 0.0001 | 0.1159
  30   300 | +0.433 -0.750 +0.500 | -0.39841 1  0.0000 | -0.39434 -0.18301 | +0.56004 0.0000 | 0.083pi -0.12201 0.0007 | -0.12201 0.0007 | -0.12201 0.0007 | 0.0034
  30   330 | +0.750 -0.433 +0.500 | -0.91257 1  0.0576 | -0.60566 -0.60566 | +0.56004 0.0000 | 0.083pi -0.40377 0.0581 | -0.40377 0.0581 | -0.40377 0.0581 | 0.0496
  60     0 | +0.500 +0.000 +0.866 | -0.84080 1  0.0372 | -0.62201 -0.50000 | +0.23670 0.0000 | 0.083pi -0.33333 0.0103 | -0.33333 0.0103 | -0.33333 0.0103 | 0.0933
  60    30 | +0.433 +0.250 +0.866 | -0.88094 1  0.0358 | -0.66068 -0.51635 | +0.08664 0.0000 | 0.083pi -0.34423 0.0073 | -0.34423 0.0073 | -0.34423 0.0073 | 0.1021
  60    60 | +0.250 +0.433 +0.866 | -0.76743 1  0.0240 | -0.59968 -0.39434 | -0.08664 0.0000 | 0.000pi -0.26289 0.0011 | -0.26289 0.0011 | -0.26289 0.0011 | 0.1284
  60    90 | +0.000 +0.500 +0.866 | -0.57441 1  0.0156 | -0.45534 -0.16667 | -0.23670 0.0001 | 0.500pi -0.23670 0.0001 | -0.11111 0.0000 | -0.11111 0.0000 | 0.1165
  60   120 | -0.250 +0.433 +0.866 | -0.46327 1  0.0090 | -0.32275 -0.22767 | -0.32334 0.0118 | 0.500pi -0.32334 0.0118 | +0.07044 0.0002 | +0.07044 0.0002 | 0.0041
  60   150 | -0.433 +0.250 +0.866 | -0.53032 1  0.0035 | -0.49402 -0.34968 | -0.32334 0.0010 | 0.500pi -0.32334 0.0010 | +0.23312 0.0000 | +0.23312 0.0000 | 0.1536
  60   180 | -0.500 +0.000 +0.866 | -0.63411 1  0.0022 | -0.62201 -0.50000 | -0.23670 0.0000 | 0.500pi -0.23670 0.0000 | +0.33333 0.0000 | +0.33333 0.0000 | 0.1926
  60   210 | -0.433 -0.250 +0.866 | -0.67290 1  0.0024 | -0.66068 -0.51635 | -0.08664 0.0000 | 0.500pi -0.08664 0.0000 | +0.34423 0.0000 | +0.34423 0.0000 | 0.1893
  60   240 | -0.250 -0.433 +0.866 | -0.62016 1  0.0032 | -0.59968 -0.39434 | +0.08664 0.0000 | 0.417pi +0.08664 0.0000 | +0.26289 0.0000 | +0.26289 0.0000 | 0.1944
  60   270 | -0.000 -0.500 +0.866 | -0.48786 1  0.0045 | -0.45534 -0.16667 | +0.23670 0.0000 | 0.917pi +0.11111 0.0000 | +0.11111 0.0000 | +0.11111 0.0000 | 0.1722
  60   300 | +0.250 -0.433 +0.866 | -0.39986 1  0.0153 | -0.32275 -0.16667 | +0.32334 0.0000 | 0.083pi -0.07044 0.0002 | -0.07044 0.0002 | -0.07044 0.0002 | 0.0145
  60   330 | +0.433 -0.250 +0.866 | -0.64640 1  0.0234 | -0.49402 -0.34968 | +0.32334 0.0000 | 0.083pi -0.23312 0.0042 | -0.23312 0.0042 | -0.23312 0.0042 | 0.1125
  90     0 | +0.000 +0.000 +1.000 | -0.47140 1  0.0345 | -0.33333 -0.19245 | +0.00000 0.0000 | 0.000pi -0.00000 0.0000 | -0.00000 0.0000 | -0.00000 0.0000 | 0.0176
[d] done; total 30.0s
