dim=3 (event lattice Z^4) menu=edges12 beta=4.0 L=32 T=3000 T0=1500 seed=1; predecessors n=4; sigma^2=0.058594
memory table: level, |m|, m.e0
         1  0.9993  +0.9993
         2  0.9992  +0.9992
         3  0.9993  +0.9993
         4  0.9992  +0.9992
         5  0.9994  +0.9994
         7  0.9992  +0.9992
        10  0.9992  +0.9992
        14  0.9993  +0.9993
        20  0.9993  +0.9993
        28  0.9994  +0.9994
        39  0.9994  +0.9994
        55  0.9993  +0.9993
        76  0.9990  +0.9990
       107  0.9991  +0.9991
       149  0.9994  +0.9994
       208  0.9992  +0.9992
       290  0.9992  +0.9992
       405  0.9993  +0.9993
       566  0.9992  +0.9992
       790  0.9993  +0.9993
      1103  0.9994  +0.9994
      1539  0.9994  +0.9994
      2149  0.9993  +0.9993
      3000  0.9992  +0.9992
SUMMARY: dim=3 menu=edges12 beta=4.0 L=32 T=3000 plateau_|m|=0.9993 lowk_ratio=nan seconds=22
