dim=3 (event lattice Z^4) menu=fib50 beta=2.0 L=32 T=3000 T0=1500 seed=1; predecessors n=4; sigma^2=0.109375
memory table: level, |m|, m.e0
         1  0.8802  +0.8802
         2  0.8374  +0.8373
         3  0.8163  +0.8161
         4  0.8030  +0.8026
         5  0.7924  +0.7920
         7  0.7827  +0.7819
        10  0.7756  +0.7742
        14  0.7696  +0.7677
        20  0.7658  +0.7623
        28  0.7627  +0.7572
        39  0.7656  +0.7558
        55  0.7631  +0.7465
        76  0.7625  +0.7354
       107  0.7616  +0.7254
       149  0.7622  +0.7100
       208  0.7635  +0.7014
       290  0.7667  +0.6914
       405  0.7620  +0.6867
       566  0.7635  +0.6703
       790  0.7576  +0.6733
      1103  0.7641  +0.6702
      1539  0.7640  +0.6842
      2149  0.7623  +0.6613
      3000  0.7615  +0.6618
SUMMARY: dim=3 menu=fib50 beta=2.0 L=32 T=3000 plateau_|m|=0.7628 lowk_ratio=nan seconds=84
