dim=3 (event lattice Z^4) menu=fib200 beta=8.0 L=32 T=3000 T0=1500 seed=1; predecessors n=4; sigma^2=0.030273
memory table: level, |m|, m.e0
         1  0.9699  +0.9699
         2  0.9616  +0.9616
         3  0.9580  +0.9579
         4  0.9558  +0.9557
         5  0.9543  +0.9542
         7  0.9524  +0.9522
        10  0.9511  +0.9508
        14  0.9505  +0.9498
        20  0.9497  +0.9487
        28  0.9494  +0.9477
        39  0.9493  +0.9466
        55  0.9479  +0.9445
        76  0.9483  +0.9433
       107  0.9482  +0.9403
       149  0.9487  +0.9359
       208  0.9490  +0.9317
       290  0.9490  +0.9289
       405  0.9487  +0.9254
       566  0.9492  +0.9227
       790  0.9488  +0.9250
      1103  0.9492  +0.9273
      1539  0.9489  +0.9247
      2149  0.9485  +0.9240
      3000  0.9491  +0.9258
SUMMARY: dim=3 menu=fib200 beta=8.0 L=32 T=3000 plateau_|m|=0.9492 lowk_ratio=nan seconds=317
