dim=2 (event lattice Z^3) menu=fib50 beta=0.5 L=128 T=3000 T0=1500 seed=1; predecessors n=3; sigma^2=0.292083
memory table: level, |m|, m.e0
         1  0.4414  +0.4413
         2  0.2030  +0.2030
         3  0.0922  +0.0921
         4  0.0431  +0.0419
         5  0.0143  +0.0136
         7  0.0086  +0.0021
        10  0.0118  -0.0019
        14  0.0120  -0.0049
        20  0.0058  -0.0029
        28  0.0137  +0.0107
        39  0.0025  -0.0007
        55  0.0026  -0.0011
        76  0.0101  -0.0080
       107  0.0085  -0.0055
       149  0.0065  +0.0015
       208  0.0078  -0.0045
       290  0.0075  +0.0038
       405  0.0034  +0.0000
       566  0.0130  +0.0117
       790  0.0038  +0.0024
      1103  0.0077  -0.0050
      1539  0.0023  +0.0012
      2149  0.0054  -0.0054
      3000  0.0067  -0.0031
SUMMARY: dim=2 menu=fib50 beta=0.5 L=128 T=3000 plateau_|m|=0.0079 lowk_ratio=nan seconds=42
