dim=3 (event lattice Z^4) menu=fib50 beta=0.75 L=32 T=3000 T0=1500 seed=1; predecessors n=4; sigma^2=0.223879
memory table: level, |m|, m.e0
         1  0.6705  +0.6705
         2  0.5085  +0.5084
         3  0.4012  +0.4011
         4  0.3179  +0.3177
         5  0.2571  +0.2567
         7  0.1705  +0.1698
        10  0.0895  +0.0889
        14  0.0547  +0.0539
        20  0.0199  +0.0180
        28  0.0088  +0.0074
        39  0.0110  -0.0107
        55  0.0027  -0.0027
        76  0.0130  -0.0068
       107  0.0167  -0.0078
       149  0.0155  +0.0021
       208  0.0093  -0.0046
       290  0.0009  +0.0001
       405  0.0081  -0.0075
       566  0.0118  +0.0023
       790  0.0095  +0.0017
      1103  0.0093  -0.0026
      1539  0.0117  -0.0058
      2149  0.0064  -0.0001
      3000  0.0049  +0.0047
SUMMARY: dim=3 menu=fib50 beta=0.75 L=32 T=3000 plateau_|m|=0.0081 lowk_ratio=nan seconds=81
