dim=2 (event lattice Z^3) menu=fib200 beta=1.5 L=128 T=3000 T0=1500 seed=1; predecessors n=3; sigma^2=0.172894
memory table: level, |m|, m.e0
         1  0.7779  +0.7779
         2  0.6686  +0.6685
         3  0.5972  +0.5971
         4  0.5415  +0.5414
         5  0.4957  +0.4957
         7  0.4241  +0.4241
        10  0.3328  +0.3328
        14  0.2512  +0.2511
        20  0.1736  +0.1731
        28  0.1042  +0.1028
        39  0.0532  +0.0521
        55  0.0311  +0.0294
        76  0.0134  -0.0054
       107  0.0135  +0.0117
       149  0.0089  +0.0059
       208  0.0143  -0.0085
       290  0.0094  +0.0033
       405  0.0040  +0.0034
       566  0.0119  -0.0115
       790  0.0106  -0.0037
      1103  0.0065  -0.0031
      1539  0.0200  +0.0020
      2149  0.0183  +0.0130
      3000  0.0086  +0.0065
SUMMARY: dim=2 menu=fib200 beta=1.5 L=128 T=3000 plateau_|m|=0.0163 lowk_ratio=nan seconds=207
