dim=2 (event lattice Z^3) menu=corners8 beta=1.5 L=128 T=3000 T0=1500 seed=1; predecessors n=3; sigma^2=0.172894
memory table: level, |m|, m.e0
         1  0.9070  +0.9070
         2  0.8397  +0.8397
         3  0.7881  +0.7880
         4  0.7405  +0.7405
         5  0.6976  +0.6976
         7  0.6284  +0.6283
        10  0.5409  +0.5408
        14  0.4466  +0.4464
        20  0.3353  +0.3348
        28  0.2301  +0.2295
        39  0.1640  +0.1630
        55  0.1027  +0.1022
        76  0.0705  +0.0634
       107  0.0282  +0.0050
       149  0.0120  -0.0092
       208  0.0281  -0.0114
       290  0.0354  -0.0103
       405  0.0115  +0.0109
       566  0.0361  -0.0258
       790  0.0117  -0.0052
      1103  0.0255  -0.0007
      1539  0.0197  -0.0061
      2149  0.0126  -0.0092
      3000  0.0092  -0.0009
SUMMARY: dim=2 menu=corners8 beta=1.5 L=128 T=3000 plateau_|m|=0.0153 lowk_ratio=nan seconds=9
