dim=3 (event lattice Z^4) menu=fib100 beta=12.0 L=32 T=3000 T0=1500 seed=1; predecessors n=4; sigma^2=0.020399
memory table: level, |m|, m.e0
         1  0.9880  +0.9880
         2  0.9833  +0.9833
         3  0.9811  +0.9811
         4  0.9798  +0.9797
         5  0.9789  +0.9787
         7  0.9779  +0.9777
        10  0.9770  +0.9766
        14  0.9773  +0.9766
        20  0.9769  +0.9758
        28  0.9764  +0.9746
        39  0.9755  +0.9729
        55  0.9757  +0.9716
        76  0.9754  +0.9697
       107  0.9754  +0.9685
       149  0.9754  +0.9658
       208  0.9756  +0.9659
       290  0.9755  +0.9641
       405  0.9755  +0.9637
       566  0.9758  +0.9649
       790  0.9756  +0.9646
      1103  0.9758  +0.9640
      1539  0.9757  +0.9623
      2149  0.9757  +0.9634
      3000  0.9754  +0.9647
SUMMARY: dim=3 menu=fib100 beta=12.0 L=32 T=3000 plateau_|m|=0.9755 lowk_ratio=nan seconds=190
