dim=3 (event lattice Z^4) menu=axes6 beta=0.5 L=32 T=3000 T0=1500 seed=1; predecessors n=4; sigma^2=0.268657
memory table: level, |m|, m.e0
         1  0.6319  +0.6319
         2  0.3919  +0.3919
         3  0.2413  +0.2413
         4  0.1407  +0.1407
         5  0.0863  +0.0862
         7  0.0315  +0.0313
        10  0.0098  +0.0093
        14  0.0125  +0.0052
        20  0.0026  -0.0004
        28  0.0045  -0.0018
        39  0.0044  -0.0015
        55  0.0036  +0.0005
        76  0.0065  -0.0058
       107  0.0055  +0.0053
       149  0.0097  +0.0047
       208  0.0084  +0.0056
       290  0.0065  +0.0014
       405  0.0041  -0.0033
       566  0.0054  +0.0024
       790  0.0063  +0.0051
      1103  0.0051  +0.0050
      1539  0.0053  +0.0025
      2149  0.0025  +0.0004
      3000  0.0042  +0.0012
SUMMARY: dim=3 menu=axes6 beta=0.5 L=32 T=3000 plateau_|m|=0.0062 lowk_ratio=nan seconds=14
