dim=2 (event lattice Z^3) menu=fib20 beta=8.0 L=128 T=3000 T0=1500 seed=1; predecessors n=3; sigma^2=0.039931
memory table: level, |m|, m.e0
         1  0.9987  +0.9987
         2  0.9979  +0.9979
         3  0.9976  +0.9976
         4  0.9974  +0.9974
         5  0.9976  +0.9976
         7  0.9975  +0.9975
        10  0.9977  +0.9977
        14  0.9975  +0.9975
        20  0.9974  +0.9974
        28  0.9977  +0.9977
        39  0.9975  +0.9975
        55  0.9975  +0.9975
        76  0.9974  +0.9974
       107  0.9976  +0.9976
       149  0.9976  +0.9976
       208  0.9975  +0.9975
       290  0.9976  +0.9976
       405  0.9973  +0.9973
       566  0.9975  +0.9975
       790  0.9978  +0.9978
      1103  0.9978  +0.9978
      1539  0.9977  +0.9977
      2149  0.9975  +0.9975
      3000  0.9978  +0.9978
SUMMARY: dim=2 menu=fib20 beta=8.0 L=128 T=3000 plateau_|m|=0.9976 lowk_ratio=nan seconds=16
