dim=2 (event lattice Z^3) menu=edges12 beta=4.0 L=128 T=3000 T0=1500 seed=1; predecessors n=3; sigma^2=0.076389
memory table: level, |m|, m.e0
         1  0.9947  +0.9947
         2  0.9941  +0.9941
         3  0.9924  +0.9924
         4  0.9913  +0.9913
         5  0.9913  +0.9913
         7  0.9908  +0.9908
        10  0.9928  +0.9928
        14  0.9902  +0.9902
        20  0.9897  +0.9897
        28  0.9909  +0.9909
        39  0.9908  +0.9908
        55  0.9911  +0.9911
        76  0.9918  +0.9918
       107  0.9918  +0.9918
       149  0.9920  +0.9920
       208  0.9904  +0.9904
       290  0.9907  +0.9907
       405  0.9911  +0.9911
       566  0.9912  +0.9911
       790  0.9894  +0.9894
      1103  0.9919  +0.9919
      1539  0.9906  +0.9906
      2149  0.9915  +0.9915
      3000  0.9912  +0.9912
SUMMARY: dim=2 menu=edges12 beta=4.0 L=128 T=3000 plateau_|m|=0.9911 lowk_ratio=nan seconds=16
