dim=2 (event lattice Z^3) menu=fib50 beta=3.0 L=128 T=3000 T0=1500 seed=1; predecessors n=3; sigma^2=0.098765
memory table: level, |m|, m.e0
         1  0.8943  +0.8943
         2  0.8517  +0.8515
         3  0.8271  +0.8268
         4  0.8069  +0.8065
         5  0.7937  +0.7931
         7  0.7733  +0.7723
        10  0.7519  +0.7504
        14  0.7358  +0.7339
        20  0.7163  +0.7142
        28  0.7009  +0.6976
        39  0.6827  +0.6773
        55  0.6589  +0.6528
        76  0.6524  +0.6418
       107  0.6287  +0.6140
       149  0.6182  +0.5962
       208  0.6100  +0.5802
       290  0.6043  +0.5567
       405  0.5944  +0.5270
       566  0.6137  +0.5434
       790  0.6130  +0.5305
      1103  0.6170  +0.5323
      1539  0.6071  +0.5354
      2149  0.6142  +0.5359
      3000  0.5922  +0.4985
SUMMARY: dim=2 menu=fib50 beta=3.0 L=128 T=3000 plateau_|m|=0.6012 lowk_ratio=nan seconds=42
