dim=3 (event lattice Z^4) menu=fib200 beta=0.75 L=32 T=3000 T0=1500 seed=1; predecessors n=4; sigma^2=0.223879
memory table: level, |m|, m.e0
         1  0.6704  +0.6704
         2  0.5103  +0.5102
         3  0.4039  +0.4037
         4  0.3189  +0.3185
         5  0.2587  +0.2581
         7  0.1760  +0.1758
        10  0.0934  +0.0930
        14  0.0411  +0.0409
        20  0.0124  +0.0098
        28  0.0065  +0.0015
        39  0.0061  +0.0042
        55  0.0017  +0.0009
        76  0.0153  +0.0002
       107  0.0133  -0.0018
       149  0.0045  +0.0039
       208  0.0148  -0.0034
       290  0.0077  -0.0059
       405  0.0065  -0.0034
       566  0.0036  +0.0036
       790  0.0071  +0.0001
      1103  0.0155  +0.0008
      1539  0.0048  +0.0038
      2149  0.0104  +0.0042
      3000  0.0073  -0.0028
SUMMARY: dim=3 menu=fib200 beta=0.75 L=32 T=3000 plateau_|m|=0.0082 lowk_ratio=nan seconds=423
