dim=3 (event lattice Z^4) menu=fib200 beta=4.0 L=32 T=3000 T0=1500 seed=1; predecessors n=4; sigma^2=0.058594
memory table: level, |m|, m.e0
         1  0.9380  +0.9380
         2  0.9199  +0.9199
         3  0.9119  +0.9119
         4  0.9062  +0.9061
         5  0.9038  +0.9037
         7  0.9003  +0.9002
        10  0.8960  +0.8958
        14  0.8931  +0.8927
        20  0.8913  +0.8905
        28  0.8910  +0.8898
        39  0.8894  +0.8880
        55  0.8875  +0.8851
        76  0.8870  +0.8826
       107  0.8848  +0.8789
       149  0.8882  +0.8794
       208  0.8850  +0.8729
       290  0.8889  +0.8737
       405  0.8876  +0.8631
       566  0.8884  +0.8553
       790  0.8872  +0.8458
      1103  0.8884  +0.8452
      1539  0.8880  +0.8396
      2149  0.8887  +0.8360
      3000  0.8877  +0.8349
SUMMARY: dim=3 menu=fib200 beta=4.0 L=32 T=3000 plateau_|m|=0.8882 lowk_ratio=nan seconds=335
