dim=2 (event lattice Z^3) menu=edges12 beta=0.5 L=128 T=3000 T0=1500 seed=1; predecessors n=3; sigma^2=0.292083
memory table: level, |m|, m.e0
         1  0.4419  +0.4418
         2  0.2033  +0.2029
         3  0.0939  +0.0935
         4  0.0464  +0.0462
         5  0.0214  +0.0209
         7  0.0053  +0.0043
        10  0.0055  +0.0025
        14  0.0098  -0.0028
        20  0.0110  +0.0109
        28  0.0135  +0.0034
        39  0.0021  +0.0003
        55  0.0090  +0.0056
        76  0.0079  -0.0039
       107  0.0059  +0.0013
       149  0.0057  +0.0051
       208  0.0060  +0.0059
       290  0.0122  -0.0072
       405  0.0077  +0.0043
       566  0.0139  -0.0104
       790  0.0140  +0.0035
      1103  0.0143  +0.0107
      1539  0.0105  +0.0077
      2149  0.0079  +0.0033
      3000  0.0052  +0.0030
SUMMARY: dim=2 menu=edges12 beta=0.5 L=128 T=3000 plateau_|m|=0.0079 lowk_ratio=nan seconds=11
