dim=2 (event lattice Z^3) menu=axes6 beta=3.0 L=128 T=3000 T0=1500 seed=1; predecessors n=3; sigma^2=0.098765
memory table: level, |m|, m.e0
         1  0.9993  +0.9993
         2  0.9993  +0.9993
         3  0.9996  +0.9996
         4  0.9995  +0.9995
         5  0.9995  +0.9995
         7  0.9993  +0.9993
        10  0.9995  +0.9995
        14  0.9993  +0.9993
        20  0.9998  +0.9998
        28  0.9996  +0.9996
        39  0.9990  +0.9990
        55  0.9994  +0.9994
        76  0.9996  +0.9996
       107  0.9994  +0.9994
       149  0.9991  +0.9991
       208  0.9991  +0.9991
       290  0.9990  +0.9990
       405  0.9996  +0.9996
       566  0.9994  +0.9994
       790  0.9994  +0.9994
      1103  0.9993  +0.9993
      1539  0.9995  +0.9995
      2149  0.9994  +0.9994
      3000  0.9991  +0.9991
SUMMARY: dim=2 menu=axes6 beta=3.0 L=128 T=3000 plateau_|m|=0.9994 lowk_ratio=nan seconds=9
