dim=2 (event lattice Z^3) menu=edges12 beta=1.5 L=128 T=3000 T0=1500 seed=1; predecessors n=3; sigma^2=0.172894
memory table: level, |m|, m.e0
         1  0.8329  +0.8329
         2  0.7278  +0.7278
         3  0.6516  +0.6516
         4  0.5944  +0.5943
         5  0.5425  +0.5425
         7  0.4636  +0.4636
        10  0.3797  +0.3797
        14  0.2917  +0.2917
        20  0.2110  +0.2110
        28  0.1459  +0.1458
        39  0.0652  +0.0638
        55  0.0534  +0.0512
        76  0.0157  +0.0095
       107  0.0096  +0.0031
       149  0.0171  +0.0110
       208  0.0185  +0.0158
       290  0.0125  +0.0049
       405  0.0213  +0.0200
       566  0.0093  -0.0031
       790  0.0120  -0.0036
      1103  0.0218  +0.0070
      1539  0.0095  -0.0019
      2149  0.0162  +0.0113
      3000  0.0120  +0.0020
SUMMARY: dim=2 menu=edges12 beta=1.5 L=128 T=3000 plateau_|m|=0.0163 lowk_ratio=nan seconds=10
