dim=3 (event lattice Z^4) menu=axes6 beta=0.75 L=32 T=3000 T0=1500 seed=1; predecessors n=4; sigma^2=0.223879
memory table: level, |m|, m.e0
         1  0.8311  +0.8311
         2  0.7049  +0.7049
         3  0.6009  +0.6009
         4  0.5139  +0.5139
         5  0.4336  +0.4335
         7  0.3168  +0.3167
        10  0.1976  +0.1976
        14  0.1048  +0.1045
        20  0.0297  +0.0295
        28  0.0091  +0.0070
        39  0.0121  -0.0075
        55  0.0032  +0.0027
        76  0.0086  -0.0013
       107  0.0098  +0.0093
       149  0.0147  +0.0108
       208  0.0077  +0.0070
       290  0.0045  +0.0011
       405  0.0020  -0.0009
       566  0.0089  -0.0031
       790  0.0053  +0.0051
      1103  0.0110  +0.0045
      1539  0.0052  +0.0005
      2149  0.0094  -0.0063
      3000  0.0038  -0.0006
SUMMARY: dim=3 menu=axes6 beta=0.75 L=32 T=3000 plateau_|m|=0.0086 lowk_ratio=nan seconds=17
