dim=2 (event lattice Z^3) menu=corners8 beta=1.0 L=128 T=3000 T0=1500 seed=1; predecessors n=3; sigma^2=0.223879
memory table: level, |m|, m.e0
         1  0.7641  +0.7641
         2  0.5950  +0.5950
         3  0.4721  +0.4721
         4  0.3727  +0.3727
         5  0.2938  +0.2937
         7  0.1841  +0.1840
        10  0.0950  +0.0949
        14  0.0449  +0.0433
        20  0.0105  +0.0083
        28  0.0171  -0.0068
        39  0.0046  -0.0034
        55  0.0029  +0.0020
        76  0.0160  +0.0023
       107  0.0060  -0.0039
       149  0.0077  -0.0021
       208  0.0157  -0.0111
       290  0.0199  +0.0114
       405  0.0184  -0.0090
       566  0.0123  +0.0045
       790  0.0101  +0.0033
      1103  0.0109  -0.0019
      1539  0.0085  +0.0054
      2149  0.0128  +0.0015
      3000  0.0112  -0.0082
SUMMARY: dim=2 menu=corners8 beta=1.0 L=128 T=3000 plateau_|m|=0.0101 lowk_ratio=nan seconds=7
