dim=3 (event lattice Z^4) menu=fib50 beta=1.0 L=32 T=3000 T0=1500 seed=1; predecessors n=4; sigma^2=0.187668
memory table: level, |m|, m.e0
         1  0.7507  +0.7506
         2  0.6375  +0.6375
         3  0.5624  +0.5622
         4  0.5084  +0.5081
         5  0.4663  +0.4658
         7  0.4021  +0.4014
        10  0.3348  +0.3339
        14  0.2749  +0.2733
        20  0.2056  +0.2047
        28  0.1482  +0.1454
        39  0.0771  +0.0726
        55  0.0334  +0.0308
        76  0.0270  +0.0053
       107  0.0108  -0.0021
       149  0.0186  +0.0159
       208  0.0151  -0.0115
       290  0.0048  +0.0030
       405  0.0128  +0.0008
       566  0.0066  -0.0008
       790  0.0160  -0.0058
      1103  0.0088  +0.0080
      1539  0.0081  +0.0021
      2149  0.0102  -0.0038
      3000  0.0086  -0.0057
SUMMARY: dim=3 menu=fib50 beta=1.0 L=32 T=3000 plateau_|m|=0.0139 lowk_ratio=nan seconds=80
