dim=3 (event lattice Z^4) menu=fib100 beta=8.0 L=32 T=3000 T0=1500 seed=1; predecessors n=4; sigma^2=0.030273
memory table: level, |m|, m.e0
         1  0.9746  +0.9746
         2  0.9660  +0.9659
         3  0.9622  +0.9622
         4  0.9601  +0.9600
         5  0.9588  +0.9586
         7  0.9575  +0.9572
        10  0.9558  +0.9553
        14  0.9554  +0.9546
        20  0.9548  +0.9534
        28  0.9543  +0.9520
        39  0.9538  +0.9499
        55  0.9535  +0.9481
        76  0.9545  +0.9465
       107  0.9552  +0.9440
       149  0.9554  +0.9412
       208  0.9556  +0.9391
       290  0.9549  +0.9373
       405  0.9550  +0.9379
       566  0.9553  +0.9391
       790  0.9550  +0.9375
      1103  0.9551  +0.9389
      1539  0.9554  +0.9370
      2149  0.9554  +0.9382
      3000  0.9557  +0.9407
SUMMARY: dim=3 menu=fib100 beta=8.0 L=32 T=3000 plateau_|m|=0.9552 lowk_ratio=nan seconds=273
