dim=2 (event lattice Z^3) menu=fib20 beta=12.0 L=128 T=3000 T0=1500 seed=1; predecessors n=3; sigma^2=0.027006
memory table: level, |m|, m.e0
         1  0.9999  +0.9999
         2  0.9999  +0.9999
         3  0.9999  +0.9999
         4  0.9999  +0.9999
         5  0.9999  +0.9999
         7  0.9999  +0.9999
        10  0.9999  +0.9999
        14  0.9999  +0.9999
        20  1.0000  +1.0000
        28  0.9999  +0.9999
        39  0.9999  +0.9999
        55  1.0000  +1.0000
        76  0.9999  +0.9999
       107  0.9999  +0.9999
       149  0.9999  +0.9999
       208  0.9999  +0.9999
       290  1.0000  +1.0000
       405  0.9999  +0.9999
       566  0.9998  +0.9998
       790  0.9999  +0.9999
      1103  1.0000  +1.0000
      1539  1.0000  +1.0000
      2149  0.9999  +0.9999
      3000  0.9999  +0.9999
SUMMARY: dim=2 menu=fib20 beta=12.0 L=128 T=3000 plateau_|m|=0.9999 lowk_ratio=nan seconds=17
