dim=2 (event lattice Z^3) menu=edges12 beta=1.0 L=128 T=3000 T0=1500 seed=1; predecessors n=3; sigma^2=0.223879
memory table: level, |m|, m.e0
         1  0.6984  +0.6984
         2  0.5243  +0.5242
         3  0.4012  +0.4012
         4  0.3157  +0.3156
         5  0.2472  +0.2472
         7  0.1513  +0.1511
        10  0.0723  +0.0715
        14  0.0321  +0.0297
        20  0.0099  +0.0092
        28  0.0144  +0.0002
        39  0.0150  -0.0123
        55  0.0209  +0.0176
        76  0.0099  +0.0000
       107  0.0047  +0.0020
       149  0.0137  +0.0099
       208  0.0131  +0.0078
       290  0.0085  -0.0046
       405  0.0068  +0.0010
       566  0.0137  -0.0088
       790  0.0074  +0.0030
      1103  0.0172  +0.0100
      1539  0.0104  +0.0034
      2149  0.0123  +0.0099
      3000  0.0074  -0.0028
SUMMARY: dim=2 menu=edges12 beta=1.0 L=128 T=3000 plateau_|m|=0.0099 lowk_ratio=nan seconds=11
