dim=2 (event lattice Z^3) menu=corners8 beta=0.75 L=128 T=3000 T0=1500 seed=1; predecessors n=3; sigma^2=0.256899
memory table: level, |m|, m.e0
         1  0.6362  +0.6362
         2  0.4182  +0.4182
         3  0.2735  +0.2735
         4  0.1778  +0.1777
         5  0.1158  +0.1155
         7  0.0409  +0.0406
        10  0.0086  +0.0059
        14  0.0122  +0.0062
        20  0.0108  +0.0070
        28  0.0090  -0.0054
        39  0.0059  -0.0006
        55  0.0099  +0.0017
        76  0.0139  +0.0098
       107  0.0068  -0.0067
       149  0.0055  -0.0037
       208  0.0099  -0.0020
       290  0.0076  +0.0068
       405  0.0076  -0.0029
       566  0.0106  +0.0061
       790  0.0093  -0.0047
      1103  0.0101  -0.0051
      1539  0.0083  +0.0020
      2149  0.0125  -0.0076
      3000  0.0157  -0.0085
SUMMARY: dim=2 menu=corners8 beta=0.75 L=128 T=3000 plateau_|m|=0.0092 lowk_ratio=nan seconds=7
