dim=3 (event lattice Z^4) menu=corners8 beta=1.0 L=32 T=3000 T0=1500 seed=1; predecessors n=4; sigma^2=0.187668
memory table: level, |m|, m.e0
         1  0.8712  +0.8712
         2  0.7884  +0.7884
         3  0.7280  +0.7280
         4  0.6805  +0.6805
         5  0.6359  +0.6359
         7  0.5674  +0.5673
        10  0.4933  +0.4933
        14  0.4132  +0.4132
        20  0.3343  +0.3343
        28  0.2457  +0.2455
        39  0.1778  +0.1772
        55  0.1129  +0.1127
        76  0.0324  +0.0312
       107  0.0119  -0.0014
       149  0.0273  -0.0016
       208  0.0187  -0.0080
       290  0.0207  -0.0113
       405  0.0159  +0.0067
       566  0.0136  +0.0064
       790  0.0100  -0.0082
      1103  0.0164  -0.0065
      1539  0.0106  +0.0047
      2149  0.0132  -0.0006
      3000  0.0040  -0.0011
SUMMARY: dim=3 menu=corners8 beta=1.0 L=32 T=3000 plateau_|m|=0.0173 lowk_ratio=nan seconds=16
