dim=3 (event lattice Z^4) menu=fib200 beta=3.0 L=32 T=3000 T0=1500 seed=1; predecessors n=4; sigma^2=0.076389
memory table: level, |m|, m.e0
         1  0.9172  +0.9172
         2  0.8911  +0.8911
         3  0.8791  +0.8791
         4  0.8712  +0.8712
         5  0.8677  +0.8677
         7  0.8614  +0.8614
        10  0.8570  +0.8570
        14  0.8527  +0.8525
        20  0.8503  +0.8496
        28  0.8483  +0.8473
        39  0.8461  +0.8446
        55  0.8452  +0.8436
        76  0.8442  +0.8413
       107  0.8422  +0.8355
       149  0.8456  +0.8340
       208  0.8425  +0.8266
       290  0.8456  +0.8240
       405  0.8449  +0.8077
       566  0.8440  +0.8058
       790  0.8426  +0.7898
      1103  0.8449  +0.7971
      1539  0.8437  +0.7889
      2149  0.8452  +0.7932
      3000  0.8425  +0.7756
SUMMARY: dim=3 menu=fib200 beta=3.0 L=32 T=3000 plateau_|m|=0.8437 lowk_ratio=nan seconds=323
