dim=2 (event lattice Z^3) menu=fib50 beta=1.5 L=128 T=3000 T0=1500 seed=1; predecessors n=3; sigma^2=0.172894
memory table: level, |m|, m.e0
         1  0.7769  +0.7769
         2  0.6691  +0.6690
         3  0.5992  +0.5992
         4  0.5443  +0.5441
         5  0.5014  +0.5013
         7  0.4294  +0.4291
        10  0.3417  +0.3412
        14  0.2588  +0.2568
        20  0.1569  +0.1537
        28  0.1091  +0.1021
        39  0.0572  +0.0492
        55  0.0194  +0.0081
        76  0.0145  -0.0134
       107  0.0208  -0.0126
       149  0.0126  -0.0039
       208  0.0074  +0.0031
       290  0.0123  -0.0114
       405  0.0066  -0.0055
       566  0.0104  +0.0033
       790  0.0058  -0.0003
      1103  0.0172  +0.0012
      1539  0.0286  +0.0285
      2149  0.0098  +0.0021
      3000  0.0233  +0.0105
SUMMARY: dim=2 menu=fib50 beta=1.5 L=128 T=3000 plateau_|m|=0.0145 lowk_ratio=nan seconds=39
