dim=2 (event lattice Z^3) menu=corners8 beta=0.5 L=128 T=3000 T0=1500 seed=1; predecessors n=3; sigma^2=0.292083
memory table: level, |m|, m.e0
         1  0.4658  +0.4658
         2  0.2291  +0.2290
         3  0.1033  +0.1033
         4  0.0472  +0.0469
         5  0.0193  +0.0181
         7  0.0026  +0.0013
        10  0.0025  -0.0004
        14  0.0038  -0.0001
        20  0.0136  +0.0021
        28  0.0107  -0.0095
        39  0.0043  -0.0022
        55  0.0061  -0.0011
        76  0.0143  +0.0085
       107  0.0015  +0.0004
       149  0.0108  -0.0102
       208  0.0087  -0.0051
       290  0.0059  -0.0021
       405  0.0064  -0.0060
       566  0.0073  +0.0039
       790  0.0071  -0.0061
      1103  0.0065  +0.0031
      1539  0.0079  -0.0028
      2149  0.0091  -0.0055
      3000  0.0097  -0.0059
SUMMARY: dim=2 menu=corners8 beta=0.5 L=128 T=3000 plateau_|m|=0.0079 lowk_ratio=nan seconds=11
