dim=3 (event lattice Z^4) menu=fib100 beta=6.0 L=32 T=3000 T0=1500 seed=1; predecessors n=4; sigma^2=0.039931
memory table: level, |m|, m.e0
         1  0.9622  +0.9622
         2  0.9507  +0.9506
         3  0.9461  +0.9460
         4  0.9429  +0.9427
         5  0.9412  +0.9410
         7  0.9391  +0.9387
        10  0.9380  +0.9372
        14  0.9362  +0.9351
        20  0.9351  +0.9333
        28  0.9344  +0.9319
        39  0.9330  +0.9290
        55  0.9335  +0.9270
        76  0.9334  +0.9235
       107  0.9339  +0.9189
       149  0.9361  +0.9138
       208  0.9349  +0.9119
       290  0.9345  +0.9050
       405  0.9348  +0.9046
       566  0.9346  +0.9073
       790  0.9346  +0.9072
      1103  0.9352  +0.9072
      1539  0.9344  +0.9032
      2149  0.9356  +0.9079
      3000  0.9357  +0.9076
SUMMARY: dim=3 menu=fib100 beta=6.0 L=32 T=3000 plateau_|m|=0.9347 lowk_ratio=nan seconds=160
