dim=2 (event lattice Z^3) menu=fib50 beta=6.0 L=128 T=3000 T0=1500 seed=1; predecessors n=3; sigma^2=0.052469
memory table: level, |m|, m.e0
         1  0.9575  +0.9574
         2  0.9390  +0.9389
         3  0.9277  +0.9275
         4  0.9202  +0.9199
         5  0.9146  +0.9142
         7  0.9059  +0.9051
        10  0.8973  +0.8959
        14  0.8906  +0.8887
        20  0.8835  +0.8811
        28  0.8794  +0.8759
        39  0.8748  +0.8707
        55  0.8711  +0.8648
        76  0.8675  +0.8588
       107  0.8633  +0.8519
       149  0.8624  +0.8485
       208  0.8607  +0.8398
       290  0.8680  +0.8407
       405  0.8574  +0.8248
       566  0.8621  +0.8282
       790  0.8657  +0.8291
      1103  0.8640  +0.8332
      1539  0.8645  +0.8280
      2149  0.8660  +0.8245
      3000  0.8648  +0.8288
SUMMARY: dim=2 menu=fib50 beta=6.0 L=128 T=3000 plateau_|m|=0.8656 lowk_ratio=nan seconds=41
