dim=2 (event lattice Z^3) menu=fib50 beta=2.0 L=128 T=3000 T0=1500 seed=1; predecessors n=3; sigma^2=0.138891
memory table: level, |m|, m.e0
         1  0.8355  +0.8355
         2  0.7614  +0.7613
         3  0.7158  +0.7157
         4  0.6833  +0.6830
         5  0.6560  +0.6556
         7  0.6180  +0.6173
        10  0.5752  +0.5749
        14  0.5377  +0.5369
        20  0.4779  +0.4765
        28  0.4373  +0.4344
        39  0.3816  +0.3778
        55  0.3163  +0.3123
        76  0.2563  +0.2477
       107  0.2134  +0.2008
       149  0.1601  +0.1372
       208  0.1108  +0.0984
       290  0.0550  +0.0537
       405  0.0549  +0.0507
       566  0.0421  +0.0323
       790  0.0150  -0.0002
      1103  0.0373  -0.0251
      1539  0.0356  +0.0257
      2149  0.0489  +0.0437
      3000  0.0372  -0.0029
SUMMARY: dim=2 menu=fib50 beta=2.0 L=128 T=3000 plateau_|m|=0.0313 lowk_ratio=nan seconds=41
