dim=2 (event lattice Z^3) menu=axes6 beta=0.75 L=128 T=3000 T0=1500 seed=1; predecessors n=3; sigma^2=0.256899
memory table: level, |m|, m.e0
         1  0.6903  +0.6903
         2  0.4803  +0.4803
         3  0.3209  +0.3209
         4  0.2119  +0.2119
         5  0.1338  +0.1337
         7  0.0543  +0.0541
        10  0.0116  +0.0096
        14  0.0044  +0.0008
        20  0.0087  -0.0001
        28  0.0040  -0.0007
        39  0.0037  -0.0035
        55  0.0148  -0.0011
        76  0.0066  -0.0042
       107  0.0100  +0.0099
       149  0.0097  -0.0076
       208  0.0040  +0.0033
       290  0.0107  +0.0084
       405  0.0142  +0.0036
       566  0.0052  +0.0019
       790  0.0081  +0.0003
      1103  0.0155  +0.0154
      1539  0.0145  -0.0139
      2149  0.0044  +0.0021
      3000  0.0133  +0.0127
SUMMARY: dim=2 menu=axes6 beta=0.75 L=128 T=3000 plateau_|m|=0.0088 lowk_ratio=nan seconds=6
