dim=3 (event lattice Z^4) menu=fib100 beta=0.75 L=32 T=3000 T0=1500 seed=1; predecessors n=4; sigma^2=0.223879
memory table: level, |m|, m.e0
         1  0.6710  +0.6710
         2  0.5060  +0.5060
         3  0.3956  +0.3955
         4  0.3150  +0.3148
         5  0.2523  +0.2521
         7  0.1722  +0.1719
        10  0.0919  +0.0919
        14  0.0386  +0.0383
        20  0.0116  +0.0108
        28  0.0048  -0.0021
        39  0.0120  +0.0069
        55  0.0072  -0.0052
        76  0.0057  +0.0045
       107  0.0122  -0.0076
       149  0.0065  -0.0005
       208  0.0061  +0.0061
       290  0.0126  -0.0096
       405  0.0047  -0.0046
       566  0.0041  -0.0032
       790  0.0067  +0.0055
      1103  0.0082  +0.0031
      1539  0.0090  +0.0055
      2149  0.0045  +0.0023
      3000  0.0041  +0.0039
SUMMARY: dim=3 menu=fib100 beta=0.75 L=32 T=3000 plateau_|m|=0.0084 lowk_ratio=nan seconds=187
