dim=3 (event lattice Z^4) menu=fib50 beta=12.0 L=32 T=3000 T0=1500 seed=1; predecessors n=4; sigma^2=0.020399
memory table: level, |m|, m.e0
         1  0.9980  +0.9980
         2  0.9974  +0.9974
         3  0.9973  +0.9973
         4  0.9974  +0.9974
         5  0.9973  +0.9973
         7  0.9972  +0.9972
        10  0.9972  +0.9972
        14  0.9971  +0.9971
        20  0.9972  +0.9972
        28  0.9972  +0.9972
        39  0.9971  +0.9971
        55  0.9971  +0.9971
        76  0.9973  +0.9972
       107  0.9974  +0.9974
       149  0.9972  +0.9972
       208  0.9972  +0.9972
       290  0.9972  +0.9972
       405  0.9970  +0.9970
       566  0.9973  +0.9973
       790  0.9972  +0.9972
      1103  0.9973  +0.9973
      1539  0.9973  +0.9973
      2149  0.9972  +0.9972
      3000  0.9970  +0.9970
SUMMARY: dim=3 menu=fib50 beta=12.0 L=32 T=3000 plateau_|m|=0.9971 lowk_ratio=nan seconds=91
