dim=3 (event lattice Z^4) menu=fib200 beta=1.5 L=32 T=3000 T0=1500 seed=1; predecessors n=4; sigma^2=0.138891
memory table: level, |m|, m.e0
         1  0.8333  +0.8333
         2  0.7692  +0.7692
         3  0.7352  +0.7352
         4  0.7115  +0.7114
         5  0.6979  +0.6979
         7  0.6774  +0.6773
        10  0.6621  +0.6620
        14  0.6424  +0.6424
        20  0.6310  +0.6310
        28  0.6262  +0.6261
        39  0.6222  +0.6222
        55  0.6172  +0.6171
        76  0.6090  +0.6089
       107  0.5997  +0.5994
       149  0.6102  +0.6086
       208  0.6036  +0.5967
       290  0.6039  +0.5864
       405  0.6117  +0.5736
       566  0.6035  +0.5428
       790  0.6065  +0.5363
      1103  0.6038  +0.5415
      1539  0.6086  +0.5417
      2149  0.6028  +0.4941
      3000  0.6046  +0.4578
SUMMARY: dim=3 menu=fib200 beta=1.5 L=32 T=3000 plateau_|m|=0.6053 lowk_ratio=nan seconds=334
