dim=3 (event lattice Z^4) menu=fib20 beta=4.0 L=32 T=3000 T0=1500 seed=1; predecessors n=4; sigma^2=0.058594
memory table: level, |m|, m.e0
         1  0.9884  +0.9884
         2  0.9830  +0.9829
         3  0.9813  +0.9813
         4  0.9805  +0.9804
         5  0.9807  +0.9806
         7  0.9801  +0.9800
        10  0.9798  +0.9796
        14  0.9787  +0.9786
        20  0.9795  +0.9794
        28  0.9790  +0.9789
        39  0.9791  +0.9790
        55  0.9800  +0.9799
        76  0.9791  +0.9790
       107  0.9790  +0.9789
       149  0.9796  +0.9795
       208  0.9789  +0.9788
       290  0.9793  +0.9792
       405  0.9796  +0.9796
       566  0.9793  +0.9792
       790  0.9789  +0.9788
      1103  0.9793  +0.9792
      1539  0.9794  +0.9793
      2149  0.9793  +0.9792
      3000  0.9795  +0.9794
SUMMARY: dim=3 menu=fib20 beta=4.0 L=32 T=3000 plateau_|m|=0.9793 lowk_ratio=nan seconds=39
