dim=3 (event lattice Z^4) menu=corners8 beta=1.5 L=32 T=3000 T0=1500 seed=1; predecessors n=4; sigma^2=0.138891
memory table: level, |m|, m.e0
         1  0.9636  +0.9636
         2  0.9480  +0.9480
         3  0.9399  +0.9399
         4  0.9353  +0.9353
         5  0.9309  +0.9309
         7  0.9290  +0.9290
        10  0.9246  +0.9246
        14  0.9298  +0.9298
        20  0.9271  +0.9271
        28  0.9255  +0.9255
        39  0.9266  +0.9266
        55  0.9275  +0.9275
        76  0.9278  +0.9278
       107  0.9271  +0.9271
       149  0.9299  +0.9299
       208  0.9278  +0.9278
       290  0.9268  +0.9268
       405  0.9293  +0.9293
       566  0.9280  +0.9280
       790  0.9261  +0.9261
      1103  0.9278  +0.9278
      1539  0.9281  +0.9281
      2149  0.9269  +0.9269
      3000  0.9238  +0.9238
SUMMARY: dim=3 menu=corners8 beta=1.5 L=32 T=3000 plateau_|m|=0.9274 lowk_ratio=nan seconds=15
