dim=2 (event lattice Z^3) menu=fib100 beta=1.5 L=128 T=3000 T0=1500 seed=1; predecessors n=3; sigma^2=0.172894
memory table: level, |m|, m.e0
         1  0.7794  +0.7794
         2  0.6743  +0.6742
         3  0.6004  +0.6004
         4  0.5435  +0.5434
         5  0.4985  +0.4985
         7  0.4281  +0.4280
        10  0.3378  +0.3378
        14  0.2662  +0.2661
        20  0.1698  +0.1693
        28  0.1054  +0.1046
        39  0.0471  +0.0435
        55  0.0368  +0.0170
        76  0.0120  -0.0017
       107  0.0114  -0.0082
       149  0.0136  +0.0115
       208  0.0147  -0.0048
       290  0.0168  +0.0085
       405  0.0151  -0.0130
       566  0.0190  -0.0116
       790  0.0315  +0.0046
      1103  0.0126  +0.0078
      1539  0.0202  -0.0011
      2149  0.0058  +0.0022
      3000  0.0253  +0.0061
SUMMARY: dim=2 menu=fib100 beta=1.5 L=128 T=3000 plateau_|m|=0.0162 lowk_ratio=nan seconds=78
