dim=2 (event lattice Z^3) menu=fib50 beta=0.75 L=128 T=3000 T0=1500 seed=1; predecessors n=3; sigma^2=0.256899
memory table: level, |m|, m.e0
         1  0.5776  +0.5775
         2  0.3643  +0.3643
         3  0.2295  +0.2295
         4  0.1492  +0.1491
         5  0.0963  +0.0963
         7  0.0376  +0.0371
        10  0.0187  +0.0115
        14  0.0167  -0.0040
        20  0.0073  -0.0070
        28  0.0078  +0.0033
        39  0.0047  +0.0035
        55  0.0097  +0.0013
        76  0.0128  -0.0095
       107  0.0132  -0.0041
       149  0.0097  +0.0045
       208  0.0071  -0.0024
       290  0.0074  +0.0045
       405  0.0062  -0.0049
       566  0.0145  +0.0107
       790  0.0060  +0.0007
      1103  0.0128  -0.0020
      1539  0.0066  +0.0060
      2149  0.0049  -0.0018
      3000  0.0070  -0.0031
SUMMARY: dim=2 menu=fib50 beta=0.75 L=128 T=3000 plateau_|m|=0.0087 lowk_ratio=nan seconds=40
