dim=2 (event lattice Z^3) menu=fib100 beta=2.0 L=128 T=3000 T0=1500 seed=1; predecessors n=3; sigma^2=0.138891
memory table: level, |m|, m.e0
         1  0.8336  +0.8336
         2  0.7608  +0.7608
         3  0.7116  +0.7116
         4  0.6741  +0.6741
         5  0.6504  +0.6503
         7  0.6072  +0.6070
        10  0.5627  +0.5624
        14  0.5238  +0.5232
        20  0.4770  +0.4768
        28  0.4259  +0.4258
        39  0.3658  +0.3653
        55  0.3132  +0.3102
        76  0.2568  +0.2541
       107  0.1834  +0.1775
       149  0.1183  +0.1167
       208  0.0619  +0.0579
       290  0.0526  +0.0393
       405  0.0136  +0.0123
       566  0.0261  +0.0102
       790  0.0308  +0.0295
      1103  0.0608  +0.0196
      1539  0.0404  +0.0008
      2149  0.0253  -0.0002
      3000  0.0315  +0.0152
SUMMARY: dim=2 menu=fib100 beta=2.0 L=128 T=3000 plateau_|m|=0.0337 lowk_ratio=nan seconds=78
