dim=3 (event lattice Z^4) menu=fib50 beta=1.5 L=32 T=3000 T0=1500 seed=1; predecessors n=4; sigma^2=0.138891
memory table: level, |m|, m.e0
         1  0.8353  +0.8353
         2  0.7733  +0.7732
         3  0.7392  +0.7391
         4  0.7168  +0.7165
         5  0.6991  +0.6988
         7  0.6828  +0.6823
        10  0.6639  +0.6631
        14  0.6533  +0.6519
        20  0.6463  +0.6437
        28  0.6394  +0.6352
        39  0.6287  +0.6207
        55  0.6236  +0.6103
        76  0.6270  +0.6020
       107  0.6312  +0.5954
       149  0.6334  +0.5902
       208  0.6268  +0.5743
       290  0.6301  +0.5633
       405  0.6291  +0.5540
       566  0.6306  +0.5409
       790  0.6295  +0.5262
      1103  0.6298  +0.5107
      1539  0.6286  +0.5458
      2149  0.6266  +0.5036
      3000  0.6282  +0.5189
SUMMARY: dim=3 menu=fib50 beta=1.5 L=32 T=3000 plateau_|m|=0.6294 lowk_ratio=nan seconds=106
