dim=2 (event lattice Z^3) menu=fib100 beta=3.0 L=128 T=3000 T0=1500 seed=1; predecessors n=3; sigma^2=0.098765
memory table: level, |m|, m.e0
         1  0.8885  +0.8885
         2  0.8451  +0.8451
         3  0.8185  +0.8184
         4  0.7991  +0.7989
         5  0.7859  +0.7858
         7  0.7640  +0.7636
        10  0.7450  +0.7446
        14  0.7276  +0.7271
        20  0.7056  +0.7054
        28  0.6874  +0.6871
        39  0.6691  +0.6683
        55  0.6477  +0.6457
        76  0.6257  +0.6224
       107  0.6198  +0.6156
       149  0.5968  +0.5922
       208  0.5625  +0.5559
       290  0.5527  +0.5379
       405  0.5562  +0.5426
       566  0.5508  +0.5266
       790  0.5587  +0.5256
      1103  0.5605  +0.5314
      1539  0.5381  +0.4248
      2149  0.5564  +0.4296
      3000  0.5414  +0.4450
SUMMARY: dim=2 menu=fib100 beta=3.0 L=128 T=3000 plateau_|m|=0.5312 lowk_ratio=nan seconds=79
