dim=2 (event lattice Z^3) menu=fib200 beta=2.0 L=128 T=3000 T0=1500 seed=1; predecessors n=3; sigma^2=0.138891
memory table: level, |m|, m.e0
         1  0.8340  +0.8340
         2  0.7613  +0.7613
         3  0.7167  +0.7167
         4  0.6784  +0.6783
         5  0.6510  +0.6510
         7  0.6104  +0.6103
        10  0.5653  +0.5651
        14  0.5213  +0.5213
        20  0.4705  +0.4703
        28  0.4205  +0.4203
        39  0.3769  +0.3764
        55  0.3063  +0.3057
        76  0.2525  +0.2520
       107  0.2015  +0.2015
       149  0.1351  +0.1349
       208  0.0648  +0.0507
       290  0.0380  +0.0309
       405  0.0452  +0.0329
       566  0.0535  -0.0504
       790  0.0200  -0.0072
      1103  0.0294  -0.0212
      1539  0.0214  +0.0126
      2149  0.0462  +0.0116
      3000  0.0290  +0.0177
SUMMARY: dim=2 menu=fib200 beta=2.0 L=128 T=3000 plateau_|m|=0.0386 lowk_ratio=nan seconds=163
