dim=3 (event lattice Z^4) menu=corners8 beta=12.0 L=32 T=3000 T0=1500 seed=1; predecessors n=4; sigma^2=0.020399
memory table: level, |m|, m.e0
         1  1.0000  +1.0000
         2  1.0000  +1.0000
         3  1.0000  +1.0000
         4  1.0000  +1.0000
         5  1.0000  +1.0000
         7  1.0000  +1.0000
        10  1.0000  +1.0000
        14  1.0000  +1.0000
        20  1.0000  +1.0000
        28  1.0000  +1.0000
        39  1.0000  +1.0000
        55  1.0000  +1.0000
        76  1.0000  +1.0000
       107  1.0000  +1.0000
       149  1.0000  +1.0000
       208  1.0000  +1.0000
       290  1.0000  +1.0000
       405  1.0000  +1.0000
       566  1.0000  +1.0000
       790  1.0000  +1.0000
      1103  1.0000  +1.0000
      1539  1.0000  +1.0000
      2149  1.0000  +1.0000
      3000  1.0000  +1.0000
SUMMARY: dim=3 menu=corners8 beta=12.0 L=32 T=3000 plateau_|m|=1.0000 lowk_ratio=nan seconds=19
