dim=3 (event lattice Z^4) menu=corners8 beta=3.0 L=32 T=3000 T0=1500 seed=1; predecessors n=4; sigma^2=0.076389
memory table: level, |m|, m.e0
         1  0.9993  +0.9993
         2  0.9994  +0.9994
         3  0.9992  +0.9992
         4  0.9991  +0.9991
         5  0.9993  +0.9993
         7  0.9992  +0.9992
        10  0.9991  +0.9991
        14  0.9992  +0.9992
        20  0.9993  +0.9993
        28  0.9991  +0.9991
        39  0.9993  +0.9993
        55  0.9990  +0.9990
        76  0.9994  +0.9994
       107  0.9992  +0.9992
       149  0.9992  +0.9992
       208  0.9994  +0.9994
       290  0.9992  +0.9992
       405  0.9994  +0.9994
       566  0.9992  +0.9992
       790  0.9992  +0.9992
      1103  0.9992  +0.9992
      1539  0.9994  +0.9994
      2149  0.9990  +0.9990
      3000  0.9991  +0.9991
SUMMARY: dim=3 menu=corners8 beta=3.0 L=32 T=3000 plateau_|m|=0.9993 lowk_ratio=nan seconds=15
