dim=2 (event lattice Z^3) menu=fib50 beta=12.0 L=128 T=3000 T0=1500 seed=1; predecessors n=3; sigma^2=0.027006
memory table: level, |m|, m.e0
         1  0.9929  +0.9929
         2  0.9895  +0.9894
         3  0.9872  +0.9871
         4  0.9852  +0.9851
         5  0.9840  +0.9839
         7  0.9813  +0.9811
        10  0.9795  +0.9792
        14  0.9775  +0.9771
        20  0.9757  +0.9750
        28  0.9752  +0.9743
        39  0.9742  +0.9727
        55  0.9727  +0.9703
        76  0.9707  +0.9676
       107  0.9700  +0.9660
       149  0.9688  +0.9634
       208  0.9675  +0.9599
       290  0.9681  +0.9605
       405  0.9663  +0.9558
       566  0.9670  +0.9567
       790  0.9654  +0.9494
      1103  0.9660  +0.9554
      1539  0.9651  +0.9494
      2149  0.9654  +0.9535
      3000  0.9656  +0.9558
SUMMARY: dim=2 menu=fib50 beta=12.0 L=128 T=3000 plateau_|m|=0.9653 lowk_ratio=nan seconds=49
