dim=2 (event lattice Z^3) menu=axes6 beta=4.0 L=128 T=3000 T0=1500 seed=1; predecessors n=3; sigma^2=0.076389
memory table: level, |m|, m.e0
         1  1.0000  +1.0000
         2  0.9999  +0.9999
         3  1.0000  +1.0000
         4  1.0000  +1.0000
         5  1.0000  +1.0000
         7  1.0000  +1.0000
        10  1.0000  +1.0000
        14  1.0000  +1.0000
        20  1.0000  +1.0000
        28  1.0000  +1.0000
        39  1.0000  +1.0000
        55  1.0000  +1.0000
        76  1.0000  +1.0000
       107  0.9999  +0.9999
       149  1.0000  +1.0000
       208  1.0000  +1.0000
       290  0.9999  +0.9999
       405  1.0000  +1.0000
       566  1.0000  +1.0000
       790  0.9999  +0.9999
      1103  0.9999  +0.9999
      1539  1.0000  +1.0000
      2149  1.0000  +1.0000
      3000  1.0000  +1.0000
SUMMARY: dim=2 menu=axes6 beta=4.0 L=128 T=3000 plateau_|m|=1.0000 lowk_ratio=nan seconds=6
