dim=2 (event lattice Z^3) menu=edges12 beta=2.0 L=128 T=3000 T0=1500 seed=1; predecessors n=3; sigma^2=0.138891
memory table: level, |m|, m.e0
         1  0.9116  +0.9116
         2  0.8552  +0.8552
         3  0.8121  +0.8121
         4  0.7777  +0.7777
         5  0.7487  +0.7487
         7  0.7016  +0.7016
        10  0.6563  +0.6563
        14  0.6065  +0.6064
        20  0.5544  +0.5543
        28  0.5182  +0.5179
        39  0.4564  +0.4563
        55  0.4064  +0.4063
        76  0.3582  +0.3578
       107  0.3096  +0.3081
       149  0.2222  +0.2209
       208  0.1784  +0.1777
       290  0.0905  +0.0881
       405  0.0593  +0.0498
       566  0.0287  +0.0237
       790  0.0539  +0.0360
      1103  0.0506  +0.0492
      1539  0.0156  -0.0045
      2149  0.0219  +0.0000
      3000  0.0472  -0.0451
SUMMARY: dim=2 menu=edges12 beta=2.0 L=128 T=3000 plateau_|m|=0.0398 lowk_ratio=nan seconds=11
