dim=3 (event lattice Z^4) menu=fib100 beta=1.5 L=32 T=3000 T0=1500 seed=1; predecessors n=4; sigma^2=0.138891
memory table: level, |m|, m.e0
         1  0.8347  +0.8347
         2  0.7691  +0.7690
         3  0.7342  +0.7341
         4  0.7107  +0.7105
         5  0.6958  +0.6955
         7  0.6768  +0.6765
        10  0.6654  +0.6649
        14  0.6502  +0.6494
        20  0.6385  +0.6372
        28  0.6275  +0.6256
        39  0.6209  +0.6175
        55  0.6258  +0.6220
        76  0.6215  +0.6147
       107  0.6153  +0.6051
       149  0.6139  +0.5957
       208  0.6153  +0.5836
       290  0.6195  +0.5706
       405  0.6180  +0.5591
       566  0.6117  +0.5500
       790  0.6113  +0.5224
      1103  0.6157  +0.5091
      1539  0.6100  +0.5189
      2149  0.6056  +0.4860
      3000  0.6134  +0.4857
SUMMARY: dim=3 menu=fib100 beta=1.5 L=32 T=3000 plateau_|m|=0.6122 lowk_ratio=nan seconds=169
