dim=2 (event lattice Z^3) menu=edges12 beta=6.0 L=128 T=3000 T0=1500 seed=1; predecessors n=3; sigma^2=0.052469
memory table: level, |m|, m.e0
         1  0.9997  +0.9997
         2  0.9996  +0.9996
         3  0.9998  +0.9998
         4  0.9996  +0.9996
         5  0.9996  +0.9996
         7  0.9997  +0.9997
        10  0.9997  +0.9997
        14  0.9996  +0.9996
        20  0.9996  +0.9996
        28  0.9996  +0.9996
        39  0.9997  +0.9997
        55  0.9998  +0.9998
        76  0.9997  +0.9997
       107  0.9998  +0.9998
       149  0.9998  +0.9998
       208  0.9998  +0.9998
       290  0.9997  +0.9997
       405  0.9998  +0.9998
       566  0.9996  +0.9996
       790  0.9997  +0.9997
      1103  0.9998  +0.9998
      1539  0.9997  +0.9997
      2149  0.9998  +0.9998
      3000  0.9997  +0.9997
SUMMARY: dim=2 menu=edges12 beta=6.0 L=128 T=3000 plateau_|m|=0.9997 lowk_ratio=nan seconds=15
