dim=2 (event lattice Z^3) menu=fib100 beta=0.75 L=128 T=3000 T0=1500 seed=1; predecessors n=3; sigma^2=0.256899
memory table: level, |m|, m.e0
         1  0.5755  +0.5755
         2  0.3628  +0.3627
         3  0.2273  +0.2273
         4  0.1437  +0.1436
         5  0.0914  +0.0913
         7  0.0272  +0.0269
        10  0.0050  -0.0021
        14  0.0077  +0.0046
        20  0.0050  -0.0021
        28  0.0087  -0.0041
        39  0.0127  -0.0126
        55  0.0101  +0.0051
        76  0.0136  -0.0125
       107  0.0065  -0.0058
       149  0.0123  +0.0026
       208  0.0036  +0.0021
       290  0.0093  +0.0058
       405  0.0183  -0.0151
       566  0.0131  -0.0064
       790  0.0099  +0.0024
      1103  0.0109  -0.0099
      1539  0.0044  +0.0005
      2149  0.0019  +0.0002
      3000  0.0085  -0.0013
SUMMARY: dim=2 menu=fib100 beta=0.75 L=128 T=3000 plateau_|m|=0.0085 lowk_ratio=nan seconds=81
