dim=3 (event lattice Z^4) menu=fib50 beta=4.0 L=32 T=3000 T0=1500 seed=1; predecessors n=4; sigma^2=0.058594
memory table: level, |m|, m.e0
         1  0.9489  +0.9488
         2  0.9313  +0.9312
         3  0.9223  +0.9221
         4  0.9176  +0.9172
         5  0.9142  +0.9137
         7  0.9111  +0.9105
        10  0.9094  +0.9082
        14  0.9079  +0.9061
        20  0.9050  +0.9022
        28  0.9050  +0.9005
        39  0.9044  +0.8969
        55  0.9057  +0.8946
        76  0.9063  +0.8884
       107  0.9059  +0.8823
       149  0.9070  +0.8747
       208  0.9068  +0.8722
       290  0.9071  +0.8735
       405  0.9060  +0.8734
       566  0.9060  +0.8710
       790  0.9057  +0.8733
      1103  0.9068  +0.8749
      1539  0.9056  +0.8722
      2149  0.9064  +0.8707
      3000  0.9054  +0.8720
SUMMARY: dim=3 menu=fib50 beta=4.0 L=32 T=3000 plateau_|m|=0.9060 lowk_ratio=nan seconds=109
