dim=3 (event lattice Z^4) menu=corners8 beta=0.75 L=32 T=3000 T0=1500 seed=1; predecessors n=4; sigma^2=0.223879
memory table: level, |m|, m.e0
         1  0.7609  +0.7609
         2  0.6059  +0.6059
         3  0.4922  +0.4922
         4  0.4053  +0.4053
         5  0.3295  +0.3295
         7  0.2224  +0.2222
        10  0.1246  +0.1245
        14  0.0589  +0.0587
        20  0.0166  +0.0165
        28  0.0043  +0.0008
        39  0.0111  +0.0027
        55  0.0056  -0.0043
        76  0.0054  -0.0028
       107  0.0107  +0.0015
       149  0.0106  +0.0041
       208  0.0027  -0.0015
       290  0.0051  +0.0007
       405  0.0044  +0.0007
       566  0.0075  -0.0002
       790  0.0083  +0.0063
      1103  0.0076  -0.0058
      1539  0.0008  -0.0003
      2149  0.0130  -0.0020
      3000  0.0087  -0.0067
SUMMARY: dim=3 menu=corners8 beta=0.75 L=32 T=3000 plateau_|m|=0.0077 lowk_ratio=nan seconds=14
