dim=2 (event lattice Z^3) menu=fib20 beta=0.75 L=128 T=3000 T0=1500 seed=1; predecessors n=3; sigma^2=0.256899
memory table: level, |m|, m.e0
         1  0.5853  +0.5852
         2  0.3711  +0.3705
         3  0.2437  +0.2433
         4  0.1663  +0.1656
         5  0.1102  +0.1089
         7  0.0592  +0.0526
        10  0.0316  +0.0201
        14  0.0333  +0.0030
        20  0.0291  +0.0073
        28  0.0286  +0.0095
        39  0.0240  +0.0078
        55  0.0317  +0.0125
        76  0.0266  +0.0129
       107  0.0127  +0.0041
       149  0.0212  +0.0032
       208  0.0204  +0.0016
       290  0.0282  +0.0040
       405  0.0257  +0.0014
       566  0.0250  +0.0149
       790  0.0304  +0.0112
      1103  0.0280  +0.0064
      1539  0.0278  -0.0008
      2149  0.0232  +0.0084
      3000  0.0102  -0.0016
SUMMARY: dim=2 menu=fib20 beta=0.75 L=128 T=3000 plateau_|m|=0.0267 lowk_ratio=nan seconds=21
