dim=2 (event lattice Z^3) menu=fib200 beta=12.0 L=128 T=3000 T0=1500 seed=1; predecessors n=3; sigma^2=0.027006
memory table: level, |m|, m.e0
         1  0.9734  +0.9734
         2  0.9639  +0.9639
         3  0.9584  +0.9584
         4  0.9546  +0.9544
         5  0.9518  +0.9517
         7  0.9479  +0.9476
        10  0.9437  +0.9433
        14  0.9396  +0.9390
        20  0.9360  +0.9351
        28  0.9323  +0.9309
        39  0.9288  +0.9266
        55  0.9273  +0.9239
        76  0.9252  +0.9205
       107  0.9204  +0.9158
       149  0.9191  +0.9120
       208  0.9169  +0.9064
       290  0.9123  +0.9005
       405  0.9137  +0.8982
       566  0.9181  +0.8995
       790  0.9167  +0.8881
      1103  0.9170  +0.8866
      1539  0.9129  +0.8850
      2149  0.9159  +0.8828
      3000  0.9162  +0.8806
SUMMARY: dim=2 menu=fib200 beta=12.0 L=128 T=3000 plateau_|m|=0.9180 lowk_ratio=nan seconds=164
