dim=3 (event lattice Z^4) menu=fib20 beta=1.5 L=32 T=3000 T0=1500 seed=1; predecessors n=4; sigma^2=0.138891
memory table: level, |m|, m.e0
         1  0.8603  +0.8602
         2  0.7986  +0.7983
         3  0.7637  +0.7630
         4  0.7418  +0.7407
         5  0.7238  +0.7223
         7  0.7088  +0.7064
        10  0.6941  +0.6900
        14  0.6880  +0.6811
        20  0.6751  +0.6630
        28  0.6702  +0.6519
        39  0.6706  +0.6435
        55  0.6735  +0.6332
        76  0.6675  +0.6229
       107  0.6733  +0.6159
       149  0.6738  +0.5945
       208  0.6722  +0.5752
       290  0.6698  +0.5725
       405  0.6758  +0.5801
       566  0.6718  +0.5747
       790  0.6734  +0.5726
      1103  0.6731  +0.5735
      1539  0.6718  +0.5693
      2149  0.6696  +0.5699
      3000  0.6684  +0.5692
SUMMARY: dim=3 menu=fib20 beta=1.5 L=32 T=3000 plateau_|m|=0.6732 lowk_ratio=nan seconds=35
