dim=2 (event lattice Z^3) menu=fib20 beta=1.0 L=128 T=3000 T0=1500 seed=1; predecessors n=3; sigma^2=0.223879
memory table: level, |m|, m.e0
         1  0.6840  +0.6840
         2  0.5146  +0.5142
         3  0.3989  +0.3985
         4  0.3170  +0.3159
         5  0.2544  +0.2531
         7  0.1658  +0.1615
        10  0.0895  +0.0832
        14  0.0518  +0.0334
        20  0.0583  +0.0248
        28  0.0468  +0.0109
        39  0.0406  +0.0127
        55  0.0410  +0.0094
        76  0.0394  +0.0118
       107  0.0269  +0.0089
       149  0.0363  +0.0087
       208  0.0295  +0.0123
       290  0.0294  +0.0045
       405  0.0358  +0.0039
       566  0.0421  +0.0179
       790  0.0298  +0.0094
      1103  0.0488  +0.0080
      1539  0.0427  -0.0077
      2149  0.0295  +0.0056
      3000  0.0234  +0.0012
SUMMARY: dim=2 menu=fib20 beta=1.0 L=128 T=3000 plateau_|m|=0.0372 lowk_ratio=nan seconds=16
