dim=2 (event lattice Z^3) menu=fib100 beta=1.0 L=128 T=3000 T0=1500 seed=1; predecessors n=3; sigma^2=0.223879
memory table: level, |m|, m.e0
         1  0.6710  +0.6710
         2  0.4980  +0.4980
         3  0.3734  +0.3733
         4  0.2910  +0.2910
         5  0.2251  +0.2251
         7  0.1323  +0.1319
        10  0.0580  +0.0580
        14  0.0329  +0.0298
        20  0.0045  +0.0025
        28  0.0107  -0.0075
        39  0.0088  -0.0046
        55  0.0171  +0.0136
        76  0.0149  -0.0122
       107  0.0137  +0.0034
       149  0.0128  -0.0011
       208  0.0052  -0.0005
       290  0.0122  +0.0087
       405  0.0203  -0.0189
       566  0.0155  -0.0042
       790  0.0105  -0.0025
      1103  0.0064  -0.0058
      1539  0.0109  +0.0005
      2149  0.0132  -0.0126
      3000  0.0116  -0.0008
SUMMARY: dim=2 menu=fib100 beta=1.0 L=128 T=3000 plateau_|m|=0.0098 lowk_ratio=nan seconds=76
