dim=3 (event lattice Z^4) menu=corners8 beta=2.0 L=32 T=3000 T0=1500 seed=1; predecessors n=4; sigma^2=0.109375
memory table: level, |m|, m.e0
         1  0.9909  +0.9909
         2  0.9883  +0.9883
         3  0.9872  +0.9872
         4  0.9869  +0.9869
         5  0.9865  +0.9865
         7  0.9874  +0.9874
        10  0.9860  +0.9860
        14  0.9866  +0.9866
        20  0.9864  +0.9864
        28  0.9865  +0.9865
        39  0.9876  +0.9876
        55  0.9872  +0.9872
        76  0.9866  +0.9866
       107  0.9868  +0.9868
       149  0.9864  +0.9864
       208  0.9864  +0.9864
       290  0.9872  +0.9872
       405  0.9871  +0.9871
       566  0.9869  +0.9869
       790  0.9860  +0.9860
      1103  0.9873  +0.9873
      1539  0.9870  +0.9870
      2149  0.9860  +0.9860
      3000  0.9859  +0.9859
SUMMARY: dim=3 menu=corners8 beta=2.0 L=32 T=3000 plateau_|m|=0.9868 lowk_ratio=nan seconds=17
