dim=2 (event lattice Z^3) menu=axes6 beta=2.0 L=128 T=3000 T0=1500 seed=1; predecessors n=3; sigma^2=0.138891
memory table: level, |m|, m.e0
         1  0.9911  +0.9911
         2  0.9857  +0.9857
         3  0.9838  +0.9838
         4  0.9817  +0.9817
         5  0.9821  +0.9821
         7  0.9794  +0.9794
        10  0.9810  +0.9810
        14  0.9776  +0.9776
        20  0.9808  +0.9808
        28  0.9802  +0.9802
        39  0.9786  +0.9786
        55  0.9783  +0.9783
        76  0.9791  +0.9791
       107  0.9797  +0.9797
       149  0.9796  +0.9796
       208  0.9791  +0.9791
       290  0.9811  +0.9811
       405  0.9810  +0.9810
       566  0.9816  +0.9816
       790  0.9822  +0.9822
      1103  0.9793  +0.9793
      1539  0.9806  +0.9806
      2149  0.9779  +0.9779
      3000  0.9811  +0.9811
SUMMARY: dim=2 menu=axes6 beta=2.0 L=128 T=3000 plateau_|m|=0.9801 lowk_ratio=nan seconds=6
