dim=2 (event lattice Z^3) menu=fib50 beta=8.0 L=128 T=3000 T0=1500 seed=1; predecessors n=3; sigma^2=0.039931
memory table: level, |m|, m.e0
         1  0.9753  +0.9752
         2  0.9637  +0.9636
         3  0.9564  +0.9562
         4  0.9508  +0.9507
         5  0.9473  +0.9470
         7  0.9416  +0.9411
        10  0.9360  +0.9355
        14  0.9317  +0.9308
        20  0.9266  +0.9256
        28  0.9239  +0.9218
        39  0.9198  +0.9170
        55  0.9181  +0.9144
        76  0.9165  +0.9115
       107  0.9164  +0.9095
       149  0.9154  +0.9077
       208  0.9192  +0.9067
       290  0.9208  +0.9046
       405  0.9172  +0.9009
       566  0.9186  +0.9064
       790  0.9201  +0.9068
      1103  0.9211  +0.9057
      1539  0.9190  +0.9010
      2149  0.9193  +0.9026
      3000  0.9196  +0.9038
SUMMARY: dim=2 menu=fib50 beta=8.0 L=128 T=3000 plateau_|m|=0.9188 lowk_ratio=nan seconds=40
