dim=2 (event lattice Z^3) menu=fib100 beta=8.0 L=128 T=3000 T0=1500 seed=1; predecessors n=3; sigma^2=0.039931
memory table: level, |m|, m.e0
         1  0.9622  +0.9622
         2  0.9475  +0.9475
         3  0.9400  +0.9400
         4  0.9336  +0.9335
         5  0.9291  +0.9289
         7  0.9228  +0.9225
        10  0.9165  +0.9158
        14  0.9112  +0.9103
        20  0.9067  +0.9054
        28  0.9007  +0.8985
        39  0.8983  +0.8947
        55  0.8934  +0.8888
        76  0.8911  +0.8826
       107  0.8878  +0.8765
       149  0.8859  +0.8745
       208  0.8800  +0.8641
       290  0.8808  +0.8565
       405  0.8795  +0.8445
       566  0.8889  +0.8504
       790  0.8856  +0.8504
      1103  0.8851  +0.8502
      1539  0.8823  +0.8381
      2149  0.8869  +0.8425
      3000  0.8841  +0.8438
SUMMARY: dim=2 menu=fib100 beta=8.0 L=128 T=3000 plateau_|m|=0.8857 lowk_ratio=nan seconds=78
