dim=3 (event lattice Z^4) menu=fib200 beta=0.5 L=32 T=3000 T0=1500 seed=1; predecessors n=4; sigma^2=0.268657
memory table: level, |m|, m.e0
         1  0.5356  +0.5356
         2  0.3186  +0.3184
         3  0.1887  +0.1885
         4  0.1144  +0.1138
         5  0.0686  +0.0676
         7  0.0265  +0.0262
        10  0.0048  -0.0015
        14  0.0073  +0.0062
        20  0.0122  -0.0011
        28  0.0036  -0.0020
        39  0.0072  -0.0011
        55  0.0063  +0.0008
        76  0.0122  -0.0024
       107  0.0101  +0.0022
       149  0.0036  -0.0002
       208  0.0107  -0.0069
       290  0.0053  -0.0025
       405  0.0049  -0.0000
       566  0.0038  +0.0038
       790  0.0053  +0.0007
      1103  0.0144  -0.0058
      1539  0.0058  +0.0045
      2149  0.0087  -0.0024
      3000  0.0123  -0.0086
SUMMARY: dim=3 menu=fib200 beta=0.5 L=32 T=3000 plateau_|m|=0.0060 lowk_ratio=nan seconds=382
