dim=2 (event lattice Z^3) menu=fib20 beta=3.0 L=128 T=3000 T0=1500 seed=1; predecessors n=3; sigma^2=0.098765
memory table: level, |m|, m.e0
         1  0.9294  +0.9293
         2  0.8907  +0.8905
         3  0.8686  +0.8683
         4  0.8506  +0.8499
         5  0.8374  +0.8364
         7  0.8195  +0.8177
        10  0.7976  +0.7953
        14  0.7824  +0.7796
        20  0.7697  +0.7644
        28  0.7603  +0.7531
        39  0.7445  +0.7368
        55  0.7325  +0.7178
        76  0.7310  +0.7097
       107  0.7261  +0.6988
       149  0.7236  +0.6892
       208  0.7214  +0.6811
       290  0.7181  +0.6783
       405  0.7128  +0.6661
       566  0.7182  +0.6728
       790  0.7195  +0.6669
      1103  0.7342  +0.6800
      1539  0.7323  +0.6767
      2149  0.7296  +0.6755
      3000  0.7265  +0.6650
SUMMARY: dim=2 menu=fib20 beta=3.0 L=128 T=3000 plateau_|m|=0.7256 lowk_ratio=nan seconds=17
