dim=2 (event lattice Z^3) menu=axes6 beta=0.5 L=128 T=3000 T0=1500 seed=1; predecessors n=3; sigma^2=0.292083
memory table: level, |m|, m.e0
         1  0.4910  +0.4910
         2  0.2390  +0.2390
         3  0.1173  +0.1169
         4  0.0510  +0.0498
         5  0.0211  +0.0176
         7  0.0134  -0.0058
        10  0.0068  -0.0066
        14  0.0025  -0.0018
        20  0.0058  +0.0009
        28  0.0109  -0.0054
        39  0.0090  +0.0023
        55  0.0131  +0.0012
        76  0.0060  -0.0027
       107  0.0058  +0.0042
       149  0.0127  -0.0027
       208  0.0097  -0.0065
       290  0.0071  +0.0061
       405  0.0109  +0.0029
       566  0.0108  +0.0013
       790  0.0076  +0.0016
      1103  0.0119  +0.0104
      1539  0.0085  -0.0059
      2149  0.0017  -0.0007
      3000  0.0085  +0.0070
SUMMARY: dim=2 menu=axes6 beta=0.5 L=128 T=3000 plateau_|m|=0.0079 lowk_ratio=nan seconds=6
