dim=3 (event lattice Z^4) menu=axes6 beta=2.0 L=32 T=3000 T0=1500 seed=1; predecessors n=4; sigma^2=0.109375
memory table: level, |m|, m.e0
         1  0.9986  +0.9986
         2  0.9984  +0.9984
         3  0.9984  +0.9984
         4  0.9982  +0.9982
         5  0.9986  +0.9986
         7  0.9986  +0.9986
        10  0.9987  +0.9987
        14  0.9981  +0.9981
        20  0.9983  +0.9983
        28  0.9984  +0.9984
        39  0.9984  +0.9984
        55  0.9991  +0.9991
        76  0.9986  +0.9986
       107  0.9987  +0.9987
       149  0.9990  +0.9990
       208  0.9986  +0.9986
       290  0.9985  +0.9985
       405  0.9987  +0.9987
       566  0.9984  +0.9984
       790  0.9986  +0.9986
      1103  0.9984  +0.9984
      1539  0.9984  +0.9984
      2149  0.9985  +0.9985
      3000  0.9983  +0.9983
SUMMARY: dim=3 menu=axes6 beta=2.0 L=32 T=3000 plateau_|m|=0.9985 lowk_ratio=nan seconds=18
