dim=3 (event lattice Z^4) menu=edges12 beta=3.0 L=32 T=3000 T0=1500 seed=1; predecessors n=4; sigma^2=0.076389
memory table: level, |m|, m.e0
         1  0.9952  +0.9952
         2  0.9941  +0.9941
         3  0.9938  +0.9938
         4  0.9935  +0.9935
         5  0.9940  +0.9940
         7  0.9934  +0.9934
        10  0.9930  +0.9930
        14  0.9936  +0.9936
        20  0.9935  +0.9935
        28  0.9934  +0.9934
        39  0.9939  +0.9939
        55  0.9937  +0.9937
        76  0.9933  +0.9933
       107  0.9938  +0.9938
       149  0.9940  +0.9940
       208  0.9935  +0.9935
       290  0.9933  +0.9933
       405  0.9939  +0.9939
       566  0.9940  +0.9940
       790  0.9940  +0.9940
      1103  0.9941  +0.9941
      1539  0.9939  +0.9939
      2149  0.9943  +0.9943
      3000  0.9938  +0.9938
SUMMARY: dim=3 menu=edges12 beta=3.0 L=32 T=3000 plateau_|m|=0.9937 lowk_ratio=nan seconds=22
