dim=2 (event lattice Z^3) menu=fib100 beta=6.0 L=128 T=3000 T0=1500 seed=1; predecessors n=3; sigma^2=0.052469
memory table: level, |m|, m.e0
         1  0.9473  +0.9473
         2  0.9267  +0.9267
         3  0.9155  +0.9154
         4  0.9075  +0.9073
         5  0.9024  +0.9021
         7  0.8949  +0.8944
        10  0.8845  +0.8836
        14  0.8776  +0.8763
        20  0.8706  +0.8685
        28  0.8624  +0.8597
        39  0.8574  +0.8536
        55  0.8493  +0.8445
        76  0.8433  +0.8350
       107  0.8328  +0.8231
       149  0.8267  +0.8164
       208  0.8195  +0.8022
       290  0.8251  +0.7983
       405  0.8194  +0.7892
       566  0.8242  +0.7816
       790  0.8149  +0.7617
      1103  0.8128  +0.7774
      1539  0.8242  +0.7794
      2149  0.8194  +0.7679
      3000  0.8320  +0.7640
SUMMARY: dim=2 menu=fib100 beta=6.0 L=128 T=3000 plateau_|m|=0.8273 lowk_ratio=nan seconds=111
