dim=3 (event lattice Z^4) menu=fib50 beta=3.0 L=32 T=3000 T0=1500 seed=1; predecessors n=4; sigma^2=0.076389
memory table: level, |m|, m.e0
         1  0.9244  +0.9244
         2  0.8993  +0.8991
         3  0.8879  +0.8877
         4  0.8804  +0.8799
         5  0.8756  +0.8748
         7  0.8701  +0.8690
        10  0.8654  +0.8638
        14  0.8645  +0.8621
        20  0.8630  +0.8593
        28  0.8615  +0.8562
        39  0.8610  +0.8530
        55  0.8601  +0.8488
        76  0.8602  +0.8417
       107  0.8603  +0.8318
       149  0.8621  +0.8221
       208  0.8637  +0.8153
       290  0.8627  +0.8071
       405  0.8613  +0.8036
       566  0.8621  +0.8021
       790  0.8616  +0.8055
      1103  0.8623  +0.8072
      1539  0.8622  +0.8061
      2149  0.8604  +0.7980
      3000  0.8622  +0.8049
SUMMARY: dim=3 menu=fib50 beta=3.0 L=32 T=3000 plateau_|m|=0.8616 lowk_ratio=nan seconds=82
