dim=2 (event lattice Z^3) menu=fib20 beta=1.5 L=128 T=3000 T0=1500 seed=1; predecessors n=3; sigma^2=0.172894
memory table: level, |m|, m.e0
         1  0.7964  +0.7964
         2  0.6934  +0.6931
         3  0.6236  +0.6230
         4  0.5670  +0.5660
         5  0.5217  +0.5203
         7  0.4575  +0.4553
        10  0.3784  +0.3745
        14  0.2999  +0.2942
        20  0.2322  +0.2177
        28  0.1683  +0.1443
        39  0.1188  +0.0783
        55  0.0929  +0.0356
        76  0.0914  +0.0347
       107  0.0683  +0.0150
       149  0.0798  +0.0231
       208  0.0859  +0.0289
       290  0.0815  +0.0154
       405  0.0758  +0.0097
       566  0.0844  +0.0226
       790  0.0993  +0.0129
      1103  0.0918  +0.0282
      1539  0.1061  +0.0143
      2149  0.0846  +0.0264
      3000  0.0882  +0.0226
SUMMARY: dim=2 menu=fib20 beta=1.5 L=128 T=3000 plateau_|m|=0.0878 lowk_ratio=nan seconds=16
