dim=3 (event lattice Z^4) menu=fib100 beta=3.0 L=32 T=3000 T0=1500 seed=1; predecessors n=4; sigma^2=0.076389
memory table: level, |m|, m.e0
         1  0.9180  +0.9180
         2  0.8931  +0.8931
         3  0.8809  +0.8808
         4  0.8734  +0.8733
         5  0.8689  +0.8687
         7  0.8641  +0.8636
        10  0.8590  +0.8583
        14  0.8553  +0.8542
        20  0.8527  +0.8511
        28  0.8500  +0.8474
        39  0.8491  +0.8444
        55  0.8483  +0.8417
        76  0.8484  +0.8382
       107  0.8472  +0.8318
       149  0.8485  +0.8256
       208  0.8505  +0.8245
       290  0.8499  +0.8123
       405  0.8514  +0.8056
       566  0.8510  +0.8011
       790  0.8519  +0.7968
      1103  0.8476  +0.7821
      1539  0.8502  +0.7810
      2149  0.8490  +0.7871
      3000  0.8501  +0.7909
SUMMARY: dim=3 menu=fib100 beta=3.0 L=32 T=3000 plateau_|m|=0.8498 lowk_ratio=nan seconds=160
