dim=3 (event lattice Z^4) menu=corners8 beta=4.0 L=32 T=3000 T0=1500 seed=1; predecessors n=4; sigma^2=0.058594
memory table: level, |m|, m.e0
         1  1.0000  +1.0000
         2  1.0000  +1.0000
         3  0.9999  +0.9999
         4  1.0000  +1.0000
         5  1.0000  +1.0000
         7  1.0000  +1.0000
        10  0.9999  +0.9999
        14  0.9999  +0.9999
        20  0.9999  +0.9999
        28  0.9999  +0.9999
        39  1.0000  +1.0000
        55  0.9999  +0.9999
        76  1.0000  +1.0000
       107  1.0000  +1.0000
       149  1.0000  +1.0000
       208  1.0000  +1.0000
       290  1.0000  +1.0000
       405  0.9999  +0.9999
       566  0.9999  +0.9999
       790  1.0000  +1.0000
      1103  1.0000  +1.0000
      1539  1.0000  +1.0000
      2149  0.9999  +0.9999
      3000  0.9999  +0.9999
SUMMARY: dim=3 menu=corners8 beta=4.0 L=32 T=3000 plateau_|m|=1.0000 lowk_ratio=nan seconds=15
