dim=2 (event lattice Z^3) menu=fib50 beta=4.0 L=128 T=3000 T0=1500 seed=1; predecessors n=3; sigma^2=0.076389
memory table: level, |m|, m.e0
         1  0.9240  +0.9239
         2  0.8937  +0.8936
         3  0.8761  +0.8758
         4  0.8647  +0.8642
         5  0.8564  +0.8557
         7  0.8415  +0.8406
        10  0.8290  +0.8275
        14  0.8157  +0.8138
        20  0.8008  +0.7981
        28  0.7960  +0.7918
        39  0.7863  +0.7793
        55  0.7706  +0.7610
        76  0.7696  +0.7567
       107  0.7563  +0.7336
       149  0.7486  +0.7216
       208  0.7477  +0.7104
       290  0.7391  +0.6968
       405  0.7383  +0.7004
       566  0.7495  +0.7029
       790  0.7499  +0.6900
      1103  0.7518  +0.6766
      1539  0.7498  +0.6663
      2149  0.7456  +0.6714
      3000  0.7466  +0.6741
SUMMARY: dim=2 menu=fib50 beta=4.0 L=128 T=3000 plateau_|m|=0.7506 lowk_ratio=nan seconds=42
