dim=3 (event lattice Z^4) menu=edges12 beta=2.0 L=32 T=3000 T0=1500 seed=1; predecessors n=4; sigma^2=0.109375
memory table: level, |m|, m.e0
         1  0.9655  +0.9655
         2  0.9499  +0.9499
         3  0.9392  +0.9392
         4  0.9337  +0.9337
         5  0.9318  +0.9318
         7  0.9268  +0.9268
        10  0.9219  +0.9219
        14  0.9230  +0.9230
        20  0.9220  +0.9220
        28  0.9235  +0.9235
        39  0.9207  +0.9207
        55  0.9241  +0.9241
        76  0.9209  +0.9209
       107  0.9228  +0.9228
       149  0.9257  +0.9257
       208  0.9215  +0.9215
       290  0.9220  +0.9220
       405  0.9242  +0.9242
       566  0.9244  +0.9244
       790  0.9249  +0.9249
      1103  0.9240  +0.9240
      1539  0.9239  +0.9239
      2149  0.9234  +0.9234
      3000  0.9229  +0.9229
SUMMARY: dim=3 menu=edges12 beta=2.0 L=32 T=3000 plateau_|m|=0.9231 lowk_ratio=nan seconds=29
