dim=3 (event lattice Z^4) menu=axes6 beta=1.5 L=32 T=3000 T0=1500 seed=1; predecessors n=4; sigma^2=0.138891
memory table: level, |m|, m.e0
         1  0.9905  +0.9905
         2  0.9883  +0.9883
         3  0.9873  +0.9873
         4  0.9860  +0.9860
         5  0.9873  +0.9873
         7  0.9862  +0.9862
        10  0.9877  +0.9877
        14  0.9868  +0.9868
        20  0.9855  +0.9855
        28  0.9863  +0.9863
        39  0.9867  +0.9867
        55  0.9874  +0.9874
        76  0.9871  +0.9871
       107  0.9876  +0.9876
       149  0.9868  +0.9868
       208  0.9866  +0.9866
       290  0.9861  +0.9861
       405  0.9875  +0.9875
       566  0.9865  +0.9865
       790  0.9861  +0.9861
      1103  0.9868  +0.9868
      1539  0.9858  +0.9858
      2149  0.9866  +0.9866
      3000  0.9866  +0.9866
SUMMARY: dim=3 menu=axes6 beta=1.5 L=32 T=3000 plateau_|m|=0.9866 lowk_ratio=nan seconds=12
