dim=2 (event lattice Z^3) menu=fib20 beta=0.5 L=128 T=3000 T0=1500 seed=1; predecessors n=3; sigma^2=0.292083
memory table: level, |m|, m.e0
         1  0.4343  +0.4342
         2  0.1999  +0.1993
         3  0.1003  +0.1001
         4  0.0549  +0.0528
         5  0.0256  +0.0232
         7  0.0244  +0.0086
        10  0.0183  +0.0039
        14  0.0258  +0.0014
        20  0.0182  +0.0001
        28  0.0199  +0.0028
        39  0.0159  +0.0036
        55  0.0218  +0.0058
        76  0.0234  +0.0068
       107  0.0076  +0.0008
       149  0.0123  +0.0009
       208  0.0199  +0.0001
       290  0.0221  -0.0001
       405  0.0212  +0.0020
       566  0.0157  +0.0081
       790  0.0224  +0.0065
      1103  0.0204  +0.0035
      1539  0.0179  -0.0010
      2149  0.0177  +0.0035
      3000  0.0137  -0.0029
SUMMARY: dim=2 menu=fib20 beta=0.5 L=128 T=3000 plateau_|m|=0.0199 lowk_ratio=nan seconds=17
