dim=3 (event lattice Z^4) menu=edges12 beta=1.5 L=32 T=3000 T0=1500 seed=1; predecessors n=4; sigma^2=0.138891
memory table: level, |m|, m.e0
         1  0.9128  +0.9128
         2  0.8666  +0.8665
         3  0.8317  +0.8317
         4  0.8109  +0.8109
         5  0.7942  +0.7942
         7  0.7701  +0.7701
        10  0.7487  +0.7487
        14  0.7342  +0.7341
        20  0.7260  +0.7259
        28  0.7155  +0.7153
        39  0.7046  +0.7044
        55  0.7017  +0.7016
        76  0.6946  +0.6946
       107  0.7002  +0.6996
       149  0.6888  +0.6873
       208  0.6896  +0.6870
       290  0.6864  +0.6734
       405  0.6890  +0.6566
       566  0.6947  +0.6147
       790  0.6958  +0.5721
      1103  0.6975  +0.5655
      1539  0.6906  +0.5584
      2149  0.6954  +0.5641
      3000  0.6950  +0.5621
SUMMARY: dim=3 menu=edges12 beta=1.5 L=32 T=3000 plateau_|m|=0.6926 lowk_ratio=nan seconds=32
