dim=3 (event lattice Z^4) menu=fib20 beta=8.0 L=32 T=3000 T0=1500 seed=1; predecessors n=4; sigma^2=0.030273
memory table: level, |m|, m.e0
         1  0.9998  +0.9998
         2  0.9998  +0.9998
         3  0.9998  +0.9998
         4  0.9998  +0.9998
         5  0.9998  +0.9998
         7  0.9998  +0.9998
        10  0.9999  +0.9999
        14  0.9999  +0.9999
        20  0.9997  +0.9997
        28  0.9998  +0.9998
        39  0.9998  +0.9998
        55  0.9999  +0.9999
        76  0.9997  +0.9997
       107  0.9998  +0.9998
       149  0.9998  +0.9998
       208  0.9998  +0.9998
       290  0.9998  +0.9998
       405  0.9998  +0.9998
       566  0.9998  +0.9998
       790  0.9998  +0.9998
      1103  0.9998  +0.9998
      1539  0.9997  +0.9997
      2149  0.9997  +0.9997
      3000  0.9997  +0.9997
SUMMARY: dim=3 menu=fib20 beta=8.0 L=32 T=3000 plateau_|m|=0.9998 lowk_ratio=nan seconds=34
