dim=3 (event lattice Z^4) menu=edges12 beta=0.75 L=32 T=3000 T0=1500 seed=1; predecessors n=4; sigma^2=0.223879
memory table: level, |m|, m.e0
         1  0.6979  +0.6979
         2  0.5329  +0.5329
         3  0.4189  +0.4189
         4  0.3381  +0.3381
         5  0.2764  +0.2763
         7  0.1851  +0.1851
        10  0.1027  +0.1026
        14  0.0454  +0.0451
        20  0.0124  +0.0105
        28  0.0132  +0.0108
        39  0.0088  -0.0012
        55  0.0082  -0.0026
        76  0.0115  +0.0091
       107  0.0115  +0.0074
       149  0.0069  -0.0029
       208  0.0085  +0.0006
       290  0.0116  -0.0075
       405  0.0187  -0.0042
       566  0.0126  +0.0020
       790  0.0072  +0.0066
      1103  0.0062  -0.0033
      1539  0.0110  -0.0046
      2149  0.0031  -0.0007
      3000  0.0117  -0.0058
SUMMARY: dim=3 menu=edges12 beta=0.75 L=32 T=3000 plateau_|m|=0.0081 lowk_ratio=nan seconds=23
