dim=2 (event lattice Z^3) menu=fib200 beta=8.0 L=128 T=3000 T0=1500 seed=1; predecessors n=3; sigma^2=0.039931
memory table: level, |m|, m.e0
         1  0.9588  +0.9588
         2  0.9443  +0.9443
         3  0.9351  +0.9350
         4  0.9298  +0.9297
         5  0.9251  +0.9250
         7  0.9192  +0.9190
        10  0.9134  +0.9132
        14  0.9063  +0.9059
        20  0.8992  +0.8985
        28  0.8936  +0.8926
        39  0.8884  +0.8870
        55  0.8847  +0.8823
        76  0.8789  +0.8754
       107  0.8712  +0.8675
       149  0.8692  +0.8614
       208  0.8662  +0.8574
       290  0.8638  +0.8503
       405  0.8641  +0.8404
       566  0.8616  +0.8393
       790  0.8616  +0.8295
      1103  0.8628  +0.8306
      1539  0.8569  +0.8228
      2149  0.8504  +0.8092
      3000  0.8480  +0.7971
SUMMARY: dim=2 menu=fib200 beta=8.0 L=128 T=3000 plateau_|m|=0.8581 lowk_ratio=nan seconds=157
