dim=2 (event lattice Z^3) menu=corners8 beta=3.0 L=128 T=3000 T0=1500 seed=1; predecessors n=3; sigma^2=0.098765
memory table: level, |m|, m.e0
         1  0.9950  +0.9950
         2  0.9936  +0.9936
         3  0.9921  +0.9921
         4  0.9920  +0.9920
         5  0.9919  +0.9919
         7  0.9918  +0.9918
        10  0.9915  +0.9915
        14  0.9916  +0.9916
        20  0.9905  +0.9905
        28  0.9900  +0.9900
        39  0.9906  +0.9906
        55  0.9909  +0.9909
        76  0.9905  +0.9905
       107  0.9913  +0.9913
       149  0.9924  +0.9924
       208  0.9930  +0.9930
       290  0.9912  +0.9912
       405  0.9917  +0.9917
       566  0.9911  +0.9911
       790  0.9925  +0.9925
      1103  0.9915  +0.9915
      1539  0.9923  +0.9923
      2149  0.9925  +0.9925
      3000  0.9910  +0.9910
SUMMARY: dim=2 menu=corners8 beta=3.0 L=128 T=3000 plateau_|m|=0.9916 lowk_ratio=nan seconds=7
