dim=3 (event lattice Z^4) menu=fib20 beta=1.0 L=32 T=3000 T0=1500 seed=1; predecessors n=4; sigma^2=0.187668
memory table: level, |m|, m.e0
         1  0.7683  +0.7682
         2  0.6551  +0.6548
         3  0.5852  +0.5845
         4  0.5313  +0.5304
         5  0.4903  +0.4889
         7  0.4260  +0.4239
        10  0.3650  +0.3605
        14  0.2987  +0.2908
        20  0.2414  +0.2245
        28  0.1855  +0.1528
        39  0.1659  +0.1141
        55  0.1402  +0.0692
        76  0.1336  +0.0421
       107  0.1282  +0.0255
       149  0.1206  +0.0293
       208  0.1349  +0.0332
       290  0.1468  +0.0350
       405  0.1234  +0.0337
       566  0.1391  +0.0208
       790  0.1448  +0.0246
      1103  0.1247  +0.0366
      1539  0.1337  +0.0288
      2149  0.1288  +0.0474
      3000  0.1258  +0.0324
SUMMARY: dim=3 menu=fib20 beta=1.0 L=32 T=3000 plateau_|m|=0.1348 lowk_ratio=nan seconds=34
