dim=3 (event lattice Z^4) menu=fib20 beta=6.0 L=32 T=3000 T0=1500 seed=1; predecessors n=4; sigma^2=0.039931
memory table: level, |m|, m.e0
         1  0.9985  +0.9985
         2  0.9980  +0.9980
         3  0.9982  +0.9982
         4  0.9981  +0.9981
         5  0.9981  +0.9981
         7  0.9981  +0.9981
        10  0.9983  +0.9983
        14  0.9983  +0.9983
        20  0.9981  +0.9981
        28  0.9982  +0.9982
        39  0.9982  +0.9982
        55  0.9982  +0.9982
        76  0.9980  +0.9980
       107  0.9982  +0.9982
       149  0.9984  +0.9984
       208  0.9984  +0.9984
       290  0.9981  +0.9981
       405  0.9982  +0.9982
       566  0.9984  +0.9984
       790  0.9982  +0.9982
      1103  0.9984  +0.9984
      1539  0.9981  +0.9981
      2149  0.9980  +0.9980
      3000  0.9980  +0.9980
SUMMARY: dim=3 menu=fib20 beta=6.0 L=32 T=3000 plateau_|m|=0.9982 lowk_ratio=nan seconds=34
