dim=3 (event lattice Z^4) menu=edges12 beta=0.5 L=32 T=3000 T0=1500 seed=1; predecessors n=4; sigma^2=0.268657
memory table: level, |m|, m.e0
         1  0.5458  +0.5458
         2  0.3239  +0.3239
         3  0.1969  +0.1969
         4  0.1181  +0.1181
         5  0.0699  +0.0699
         7  0.0309  +0.0299
        10  0.0041  +0.0034
        14  0.0040  +0.0016
        20  0.0065  -0.0025
        28  0.0114  +0.0113
        39  0.0076  +0.0003
        55  0.0069  -0.0058
        76  0.0071  +0.0050
       107  0.0081  +0.0074
       149  0.0017  -0.0014
       208  0.0019  +0.0015
       290  0.0039  -0.0018
       405  0.0096  +0.0042
       566  0.0131  +0.0032
       790  0.0017  +0.0011
      1103  0.0068  -0.0026
      1539  0.0054  -0.0022
      2149  0.0055  -0.0039
      3000  0.0115  -0.0031
SUMMARY: dim=3 menu=edges12 beta=0.5 L=32 T=3000 plateau_|m|=0.0060 lowk_ratio=nan seconds=20
