dim=2 (event lattice Z^3) menu=fib200 beta=0.5 L=128 T=3000 T0=1500 seed=1; predecessors n=3; sigma^2=0.292083
memory table: level, |m|, m.e0
         1  0.4365  +0.4365
         2  0.2011  +0.2010
         3  0.0967  +0.0963
         4  0.0412  +0.0376
         5  0.0103  +0.0093
         7  0.0027  +0.0019
        10  0.0036  -0.0033
        14  0.0052  +0.0013
        20  0.0126  -0.0091
        28  0.0048  +0.0040
        39  0.0091  +0.0026
        55  0.0122  -0.0074
        76  0.0030  -0.0026
       107  0.0126  -0.0063
       149  0.0207  -0.0044
       208  0.0079  +0.0025
       290  0.0117  +0.0007
       405  0.0071  -0.0044
       566  0.0055  +0.0012
       790  0.0044  -0.0014
      1103  0.0073  -0.0023
      1539  0.0089  -0.0062
      2149  0.0086  +0.0015
      3000  0.0117  +0.0042
SUMMARY: dim=2 menu=fib200 beta=0.5 L=128 T=3000 plateau_|m|=0.0081 lowk_ratio=nan seconds=306
