dim=3 (event lattice Z^4) menu=fib100 beta=0.5 L=32 T=3000 T0=1500 seed=1; predecessors n=4; sigma^2=0.268657
memory table: level, |m|, m.e0
         1  0.5352  +0.5352
         2  0.3117  +0.3117
         3  0.1879  +0.1879
         4  0.1097  +0.1095
         5  0.0650  +0.0649
         7  0.0296  +0.0289
        10  0.0040  +0.0004
        14  0.0048  +0.0022
        20  0.0071  -0.0050
        28  0.0047  -0.0022
        39  0.0064  +0.0031
        55  0.0069  -0.0038
        76  0.0103  +0.0017
       107  0.0046  -0.0036
       149  0.0047  -0.0046
       208  0.0111  +0.0062
       290  0.0077  +0.0003
       405  0.0041  -0.0034
       566  0.0046  -0.0038
       790  0.0053  +0.0016
      1103  0.0086  +0.0053
      1539  0.0073  -0.0006
      2149  0.0062  +0.0038
      3000  0.0072  +0.0024
SUMMARY: dim=3 menu=fib100 beta=0.5 L=32 T=3000 plateau_|m|=0.0062 lowk_ratio=nan seconds=168
