dim=2 (event lattice Z^3) menu=fib100 beta=0.5 L=128 T=3000 T0=1500 seed=1; predecessors n=3; sigma^2=0.292083
memory table: level, |m|, m.e0
         1  0.4370  +0.4370
         2  0.2028  +0.2027
         3  0.0936  +0.0935
         4  0.0380  +0.0378
         5  0.0155  +0.0149
         7  0.0141  -0.0117
        10  0.0124  -0.0096
        14  0.0123  +0.0075
        20  0.0075  -0.0064
        28  0.0063  -0.0043
        39  0.0104  -0.0101
        55  0.0032  +0.0024
        76  0.0142  -0.0090
       107  0.0086  +0.0053
       149  0.0113  +0.0012
       208  0.0080  -0.0006
       290  0.0072  -0.0055
       405  0.0155  -0.0146
       566  0.0130  +0.0005
       790  0.0007  +0.0006
      1103  0.0081  -0.0060
      1539  0.0064  +0.0040
      2149  0.0049  -0.0038
      3000  0.0052  -0.0040
SUMMARY: dim=2 menu=fib100 beta=0.5 L=128 T=3000 plateau_|m|=0.0079 lowk_ratio=nan seconds=111
