dim=2 (event lattice Z^3) menu=fib200 beta=1.0 L=128 T=3000 T0=1500 seed=1; predecessors n=3; sigma^2=0.223879
memory table: level, |m|, m.e0
         1  0.6738  +0.6738
         2  0.4972  +0.4971
         3  0.3847  +0.3847
         4  0.2939  +0.2938
         5  0.2223  +0.2223
         7  0.1357  +0.1354
        10  0.0607  +0.0605
        14  0.0218  +0.0172
        20  0.0096  +0.0002
        28  0.0059  -0.0024
        39  0.0071  +0.0024
        55  0.0113  +0.0036
        76  0.0101  -0.0064
       107  0.0181  -0.0101
       149  0.0143  +0.0093
       208  0.0117  +0.0082
       290  0.0184  +0.0081
       405  0.0129  -0.0110
       566  0.0061  +0.0038
       790  0.0098  +0.0082
      1103  0.0096  -0.0041
      1539  0.0064  -0.0016
      2149  0.0077  +0.0020
      3000  0.0125  +0.0040
SUMMARY: dim=2 menu=fib200 beta=1.0 L=128 T=3000 plateau_|m|=0.0101 lowk_ratio=nan seconds=162
