dim=3 (event lattice Z^4) menu=fib20 beta=3.0 L=32 T=3000 T0=1500 seed=1; predecessors n=4; sigma^2=0.076389
memory table: level, |m|, m.e0
         1  0.9666  +0.9665
         2  0.9508  +0.9507
         3  0.9423  +0.9420
         4  0.9380  +0.9377
         5  0.9363  +0.9359
         7  0.9329  +0.9323
        10  0.9286  +0.9276
        14  0.9270  +0.9256
        20  0.9267  +0.9248
        28  0.9255  +0.9230
        39  0.9240  +0.9212
        55  0.9242  +0.9207
        76  0.9213  +0.9172
       107  0.9207  +0.9168
       149  0.9225  +0.9184
       208  0.9229  +0.9193
       290  0.9236  +0.9193
       405  0.9229  +0.9188
       566  0.9229  +0.9188
       790  0.9205  +0.9159
      1103  0.9200  +0.9147
      1539  0.9223  +0.9181
      2149  0.9230  +0.9192
      3000  0.9225  +0.9187
SUMMARY: dim=3 menu=fib20 beta=3.0 L=32 T=3000 plateau_|m|=0.9225 lowk_ratio=nan seconds=51
