dim=2 (event lattice Z^3) menu=fib200 beta=6.0 L=128 T=3000 T0=1500 seed=1; predecessors n=3; sigma^2=0.052469
memory table: level, |m|, m.e0
         1  0.9443  +0.9443
         2  0.9246  +0.9246
         3  0.9132  +0.9131
         4  0.9055  +0.9054
         5  0.8985  +0.8984
         7  0.8905  +0.8903
        10  0.8826  +0.8826
        14  0.8723  +0.8721
        20  0.8620  +0.8618
        28  0.8536  +0.8532
        39  0.8465  +0.8456
        55  0.8379  +0.8368
        76  0.8323  +0.8298
       107  0.8226  +0.8191
       149  0.8170  +0.8102
       208  0.8152  +0.8091
       290  0.8123  +0.8031
       405  0.8142  +0.8030
       566  0.8059  +0.7861
       790  0.8060  +0.7780
      1103  0.8025  +0.7646
      1539  0.8017  +0.7387
      2149  0.7900  +0.7149
      3000  0.8044  +0.7417
SUMMARY: dim=2 menu=fib200 beta=6.0 L=128 T=3000 plateau_|m|=0.7941 lowk_ratio=nan seconds=158
