dim=2 (event lattice Z^3) menu=fib20 beta=6.0 L=128 T=3000 T0=1500 seed=1; predecessors n=3; sigma^2=0.052469
memory table: level, |m|, m.e0
         1  0.9932  +0.9932
         2  0.9894  +0.9894
         3  0.9872  +0.9872
         4  0.9860  +0.9859
         5  0.9853  +0.9853
         7  0.9847  +0.9846
        10  0.9830  +0.9830
        14  0.9833  +0.9832
        20  0.9826  +0.9824
        28  0.9809  +0.9807
        39  0.9797  +0.9795
        55  0.9808  +0.9805
        76  0.9795  +0.9793
       107  0.9801  +0.9799
       149  0.9812  +0.9810
       208  0.9806  +0.9805
       290  0.9807  +0.9805
       405  0.9795  +0.9793
       566  0.9810  +0.9808
       790  0.9820  +0.9819
      1103  0.9791  +0.9788
      1539  0.9796  +0.9793
      2149  0.9805  +0.9803
      3000  0.9801  +0.9799
SUMMARY: dim=2 menu=fib20 beta=6.0 L=128 T=3000 plateau_|m|=0.9801 lowk_ratio=nan seconds=23
