dim=2 (event lattice Z^3) menu=fib20 beta=2.0 L=128 T=3000 T0=1500 seed=1; predecessors n=3; sigma^2=0.138891
memory table: level, |m|, m.e0
         1  0.8598  +0.8597
         2  0.7892  +0.7889
         3  0.7455  +0.7450
         4  0.7109  +0.7100
         5  0.6808  +0.6797
         7  0.6422  +0.6403
        10  0.5998  +0.5967
        14  0.5610  +0.5565
        20  0.5153  +0.5068
        28  0.4744  +0.4612
        39  0.4262  +0.4057
        55  0.3806  +0.3487
        76  0.3536  +0.3055
       107  0.2979  +0.2213
       149  0.2769  +0.1967
       208  0.2661  +0.1394
       290  0.2473  +0.0878
       405  0.2593  +0.0698
       566  0.2459  +0.0458
       790  0.2582  +0.0461
      1103  0.2552  +0.0780
      1539  0.2572  +0.0295
      2149  0.2664  +0.0958
      3000  0.2594  +0.0590
SUMMARY: dim=2 menu=fib20 beta=2.0 L=128 T=3000 plateau_|m|=0.2577 lowk_ratio=nan seconds=17
