dim=2 (event lattice Z^3) menu=edges12 beta=0.75 L=128 T=3000 T0=1500 seed=1; predecessors n=3; sigma^2=0.256899
memory table: level, |m|, m.e0
         1  0.5907  +0.5907
         2  0.3741  +0.3740
         3  0.2400  +0.2398
         4  0.1529  +0.1529
         5  0.0998  +0.0996
         7  0.0376  +0.0375
        10  0.0159  +0.0117
        14  0.0145  +0.0051
        20  0.0064  +0.0055
        28  0.0132  +0.0007
        39  0.0054  +0.0029
        55  0.0159  +0.0118
        76  0.0062  -0.0009
       107  0.0079  +0.0066
       149  0.0062  +0.0044
       208  0.0114  +0.0060
       290  0.0099  +0.0017
       405  0.0095  +0.0057
       566  0.0092  -0.0024
       790  0.0123  +0.0041
      1103  0.0158  +0.0143
      1539  0.0074  +0.0065
      2149  0.0062  +0.0034
      3000  0.0069  +0.0037
SUMMARY: dim=2 menu=edges12 beta=0.75 L=128 T=3000 plateau_|m|=0.0089 lowk_ratio=nan seconds=11
