dim=2 (event lattice Z^3) menu=edges12 beta=3.0 L=128 T=3000 T0=1500 seed=1; predecessors n=3; sigma^2=0.098765
memory table: level, |m|, m.e0
         1  0.9786  +0.9786
         2  0.9673  +0.9673
         3  0.9590  +0.9590
         4  0.9526  +0.9526
         5  0.9473  +0.9473
         7  0.9399  +0.9399
        10  0.9341  +0.9341
        14  0.9263  +0.9263
        20  0.9176  +0.9176
        28  0.9190  +0.9190
        39  0.9157  +0.9156
        55  0.9152  +0.9152
        76  0.9102  +0.9102
       107  0.9127  +0.9127
       149  0.9067  +0.9067
       208  0.9109  +0.9109
       290  0.9101  +0.9101
       405  0.9059  +0.9059
       566  0.9088  +0.9088
       790  0.9073  +0.9072
      1103  0.9046  +0.9046
      1539  0.9110  +0.9110
      2149  0.9117  +0.9117
      3000  0.9095  +0.9095
SUMMARY: dim=2 menu=edges12 beta=3.0 L=128 T=3000 plateau_|m|=0.9059 lowk_ratio=nan seconds=10
