dim=2 (event lattice Z^3) menu=fib200 beta=3.0 L=128 T=3000 T0=1500 seed=1; predecessors n=3; sigma^2=0.098765
memory table: level, |m|, m.e0
         1  0.8901  +0.8900
         2  0.8457  +0.8457
         3  0.8196  +0.8196
         4  0.8003  +0.8003
         5  0.7857  +0.7857
         7  0.7635  +0.7635
        10  0.7480  +0.7480
        14  0.7240  +0.7239
        20  0.7069  +0.7068
        28  0.6854  +0.6853
        39  0.6591  +0.6584
        55  0.6464  +0.6460
        76  0.6340  +0.6338
       107  0.6088  +0.6088
       149  0.5871  +0.5870
       208  0.5781  +0.5779
       290  0.5328  +0.5283
       405  0.5217  +0.5168
       566  0.5036  +0.4906
       790  0.5065  +0.4865
      1103  0.4717  +0.4594
      1539  0.4480  +0.4224
      2149  0.4825  +0.4420
      3000  0.4379  +0.4039
SUMMARY: dim=2 menu=fib200 beta=3.0 L=128 T=3000 plateau_|m|=0.4656 lowk_ratio=nan seconds=157
