dim=3 (event lattice Z^4) menu=edges12 beta=1.0 L=32 T=3000 T0=1500 seed=1; predecessors n=4; sigma^2=0.187668
memory table: level, |m|, m.e0
         1  0.7962  +0.7962
         2  0.6841  +0.6841
         3  0.6070  +0.6070
         4  0.5505  +0.5505
         5  0.5064  +0.5063
         7  0.4391  +0.4390
        10  0.3614  +0.3614
        14  0.2880  +0.2879
        20  0.2088  +0.2085
        28  0.1572  +0.1565
        39  0.0914  +0.0913
        55  0.0374  +0.0321
        76  0.0213  +0.0136
       107  0.0257  +0.0256
       149  0.0122  +0.0029
       208  0.0163  -0.0064
       290  0.0200  -0.0179
       405  0.0157  +0.0014
       566  0.0156  +0.0109
       790  0.0144  +0.0075
      1103  0.0242  +0.0208
      1539  0.0072  -0.0014
      2149  0.0302  +0.0078
      3000  0.0117  -0.0096
SUMMARY: dim=3 menu=edges12 beta=1.0 L=32 T=3000 plateau_|m|=0.0133 lowk_ratio=nan seconds=28
