dim=3 (event lattice Z^4) menu=fib20 beta=0.5 L=32 T=3000 T0=1500 seed=1; predecessors n=4; sigma^2=0.268657
memory table: level, |m|, m.e0
         1  0.5432  +0.5431
         2  0.3251  +0.3248
         3  0.2012  +0.2007
         4  0.1229  +0.1218
         5  0.0800  +0.0783
         7  0.0353  +0.0286
        10  0.0267  +0.0074
        14  0.0261  +0.0023
        20  0.0257  +0.0034
        28  0.0240  +0.0061
        39  0.0267  +0.0046
        55  0.0145  +0.0053
        76  0.0258  +0.0072
       107  0.0246  +0.0008
       149  0.0200  +0.0053
       208  0.0274  +0.0023
       290  0.0224  +0.0030
       405  0.0255  +0.0096
       566  0.0235  +0.0016
       790  0.0223  +0.0006
      1103  0.0202  +0.0101
      1539  0.0231  +0.0036
      2149  0.0240  +0.0093
      3000  0.0198  +0.0027
SUMMARY: dim=3 menu=fib20 beta=0.5 L=32 T=3000 plateau_|m|=0.0245 lowk_ratio=nan seconds=35
