dim=3 (event lattice Z^4) menu=fib200 beta=12.0 L=32 T=3000 T0=1500 seed=1; predecessors n=4; sigma^2=0.020399
memory table: level, |m|, m.e0
         1  0.9810  +0.9810
         2  0.9756  +0.9755
         3  0.9735  +0.9735
         4  0.9719  +0.9719
         5  0.9711  +0.9710
         7  0.9697  +0.9696
        10  0.9689  +0.9686
        14  0.9687  +0.9682
        20  0.9681  +0.9673
        28  0.9680  +0.9666
        39  0.9677  +0.9657
        55  0.9680  +0.9647
        76  0.9684  +0.9630
       107  0.9685  +0.9604
       149  0.9685  +0.9572
       208  0.9683  +0.9546
       290  0.9682  +0.9546
       405  0.9685  +0.9545
       566  0.9684  +0.9547
       790  0.9682  +0.9542
      1103  0.9684  +0.9548
      1539  0.9682  +0.9551
      2149  0.9682  +0.9544
      3000  0.9678  +0.9537
SUMMARY: dim=3 menu=fib200 beta=12.0 L=32 T=3000 plateau_|m|=0.9682 lowk_ratio=nan seconds=442
