dim=2 (event lattice Z^3) menu=fib100 beta=4.0 L=128 T=3000 T0=1500 seed=1; predecessors n=3; sigma^2=0.076389
memory table: level, |m|, m.e0
         1  0.9177  +0.9177
         2  0.8858  +0.8858
         3  0.8688  +0.8687
         4  0.8547  +0.8546
         5  0.8458  +0.8457
         7  0.8303  +0.8300
        10  0.8139  +0.8131
        14  0.8027  +0.8014
        20  0.7895  +0.7879
        28  0.7758  +0.7739
        39  0.7668  +0.7636
        55  0.7545  +0.7501
        76  0.7414  +0.7347
       107  0.7350  +0.7267
       149  0.7283  +0.7199
       208  0.7153  +0.7049
       290  0.7053  +0.6859
       405  0.7016  +0.6672
       566  0.6965  +0.6561
       790  0.6979  +0.6323
      1103  0.6986  +0.6364
      1539  0.7086  +0.6402
      2149  0.6908  +0.6175
      3000  0.6955  +0.6186
SUMMARY: dim=2 menu=fib100 beta=4.0 L=128 T=3000 plateau_|m|=0.6830 lowk_ratio=nan seconds=77
