dim=2 (event lattice Z^3) menu=fib200 beta=0.75 L=128 T=3000 T0=1500 seed=1; predecessors n=3; sigma^2=0.256899
memory table: level, |m|, m.e0
         1  0.5788  +0.5787
         2  0.3616  +0.3616
         3  0.2347  +0.2346
         4  0.1500  +0.1488
         5  0.0909  +0.0907
         7  0.0414  +0.0412
        10  0.0066  +0.0060
        14  0.0083  +0.0034
        20  0.0145  -0.0138
        28  0.0032  +0.0011
        39  0.0119  -0.0013
        55  0.0094  +0.0067
        76  0.0090  -0.0064
       107  0.0111  +0.0022
       149  0.0155  -0.0005
       208  0.0174  +0.0084
       290  0.0139  +0.0041
       405  0.0130  -0.0111
       566  0.0095  +0.0035
       790  0.0052  -0.0043
      1103  0.0059  -0.0030
      1539  0.0087  -0.0062
      2149  0.0102  -0.0038
      3000  0.0106  +0.0072
SUMMARY: dim=2 menu=fib200 beta=0.75 L=128 T=3000 plateau_|m|=0.0086 lowk_ratio=nan seconds=186
