dim=2 (event lattice Z^3) menu=fib200 beta=4.0 L=128 T=3000 T0=1500 seed=1; predecessors n=3; sigma^2=0.076389
memory table: level, |m|, m.e0
         1  0.9174  +0.9173
         2  0.8854  +0.8854
         3  0.8672  +0.8672
         4  0.8545  +0.8545
         5  0.8437  +0.8436
         7  0.8298  +0.8298
        10  0.8162  +0.8162
        14  0.8036  +0.8034
        20  0.7869  +0.7867
        28  0.7734  +0.7729
        39  0.7560  +0.7551
        55  0.7484  +0.7473
        76  0.7282  +0.7272
       107  0.7232  +0.7223
       149  0.7131  +0.7113
       208  0.6926  +0.6915
       290  0.6885  +0.6876
       405  0.6822  +0.6818
       566  0.6573  +0.6553
       790  0.6573  +0.6550
      1103  0.6382  +0.6161
      1539  0.6523  +0.6276
      2149  0.6467  +0.6079
      3000  0.6532  +0.5931
SUMMARY: dim=2 menu=fib200 beta=4.0 L=128 T=3000 plateau_|m|=0.6414 lowk_ratio=nan seconds=159
