dim=3 (event lattice Z^4) menu=fib20 beta=2.0 L=32 T=3000 T0=1500 seed=1; predecessors n=4; sigma^2=0.109375
memory table: level, |m|, m.e0
         1  0.9121  +0.9120
         2  0.8731  +0.8728
         3  0.8515  +0.8509
         4  0.8388  +0.8379
         5  0.8282  +0.8270
         7  0.8223  +0.8206
        10  0.8130  +0.8102
        14  0.8112  +0.8066
        20  0.8040  +0.7964
        28  0.8018  +0.7907
        39  0.8004  +0.7843
        55  0.8017  +0.7769
        76  0.8003  +0.7691
       107  0.8060  +0.7609
       149  0.8047  +0.7486
       208  0.8044  +0.7475
       290  0.8067  +0.7534
       405  0.8035  +0.7455
       566  0.8049  +0.7480
       790  0.8035  +0.7400
      1103  0.8044  +0.7407
      1539  0.8047  +0.7419
      2149  0.8042  +0.7461
      3000  0.8023  +0.7438
SUMMARY: dim=3 menu=fib20 beta=2.0 L=32 T=3000 plateau_|m|=0.8046 lowk_ratio=nan seconds=52
