dim=3 (event lattice Z^4) menu=fib100 beta=2.0 L=32 T=3000 T0=1500 seed=1; predecessors n=4; sigma^2=0.109375
memory table: level, |m|, m.e0
         1  0.8757  +0.8757
         2  0.8323  +0.8323
         3  0.8101  +0.8101
         4  0.7970  +0.7969
         5  0.7882  +0.7881
         7  0.7779  +0.7778
        10  0.7702  +0.7699
        14  0.7613  +0.7606
        20  0.7570  +0.7559
        28  0.7546  +0.7523
        39  0.7526  +0.7482
        55  0.7524  +0.7457
        76  0.7518  +0.7422
       107  0.7507  +0.7357
       149  0.7476  +0.7261
       208  0.7467  +0.7186
       290  0.7460  +0.7048
       405  0.7523  +0.7010
       566  0.7483  +0.6974
       790  0.7499  +0.6934
      1103  0.7472  +0.6752
      1539  0.7460  +0.6588
      2149  0.7490  +0.6653
      3000  0.7483  +0.6710
SUMMARY: dim=3 menu=fib100 beta=2.0 L=32 T=3000 plateau_|m|=0.7490 lowk_ratio=nan seconds=226
