dim=2 (event lattice Z^3) menu=corners8 beta=4.0 L=128 T=3000 T0=1500 seed=1; predecessors n=3; sigma^2=0.076389
memory table: level, |m|, m.e0
         1  0.9993  +0.9993
         2  0.9992  +0.9992
         3  0.9993  +0.9993
         4  0.9993  +0.9993
         5  0.9992  +0.9992
         7  0.9991  +0.9991
        10  0.9994  +0.9994
        14  0.9992  +0.9992
        20  0.9989  +0.9989
        28  0.9987  +0.9987
        39  0.9990  +0.9990
        55  0.9992  +0.9992
        76  0.9992  +0.9992
       107  0.9994  +0.9994
       149  0.9993  +0.9993
       208  0.9992  +0.9992
       290  0.9992  +0.9992
       405  0.9992  +0.9992
       566  0.9991  +0.9991
       790  0.9993  +0.9993
      1103  0.9992  +0.9992
      1539  0.9997  +0.9997
      2149  0.9992  +0.9992
      3000  0.9993  +0.9993
SUMMARY: dim=2 menu=corners8 beta=4.0 L=128 T=3000 plateau_|m|=0.9992 lowk_ratio=nan seconds=8
