dim=2 (event lattice Z^3) menu=fib20 beta=4.0 L=128 T=3000 T0=1500 seed=1; predecessors n=3; sigma^2=0.076389
memory table: level, |m|, m.e0
         1  0.9671  +0.9671
         2  0.9478  +0.9477
         3  0.9342  +0.9340
         4  0.9233  +0.9229
         5  0.9172  +0.9167
         7  0.9070  +0.9063
        10  0.8953  +0.8940
        14  0.8889  +0.8867
        20  0.8806  +0.8773
        28  0.8760  +0.8707
        39  0.8660  +0.8587
        55  0.8623  +0.8518
        76  0.8638  +0.8474
       107  0.8612  +0.8374
       149  0.8607  +0.8356
       208  0.8590  +0.8304
       290  0.8608  +0.8263
       405  0.8573  +0.8198
       566  0.8563  +0.8231
       790  0.8588  +0.8271
      1103  0.8577  +0.8241
      1539  0.8620  +0.8254
      2149  0.8642  +0.8334
      3000  0.8597  +0.8270
SUMMARY: dim=2 menu=fib20 beta=4.0 L=128 T=3000 plateau_|m|=0.8619 lowk_ratio=nan seconds=20
