dim=3 (event lattice Z^4) menu=fib50 beta=0.5 L=32 T=3000 T0=1500 seed=1; predecessors n=4; sigma^2=0.268657
memory table: level, |m|, m.e0
         1  0.5369  +0.5369
         2  0.3167  +0.3166
         3  0.1893  +0.1891
         4  0.1110  +0.1107
         5  0.0676  +0.0672
         7  0.0231  +0.0215
        10  0.0024  +0.0002
        14  0.0046  +0.0041
        20  0.0040  -0.0025
        28  0.0068  -0.0050
        39  0.0122  -0.0096
        55  0.0021  -0.0013
        76  0.0100  -0.0059
       107  0.0091  -0.0031
       149  0.0095  -0.0008
       208  0.0048  -0.0018
       290  0.0038  +0.0007
       405  0.0069  -0.0066
       566  0.0061  +0.0001
       790  0.0032  +0.0010
      1103  0.0072  -0.0039
      1539  0.0096  -0.0067
      2149  0.0053  +0.0048
      3000  0.0032  +0.0003
SUMMARY: dim=3 menu=fib50 beta=0.5 L=32 T=3000 plateau_|m|=0.0060 lowk_ratio=nan seconds=82
