dim=3 (event lattice Z^4) menu=fib200 beta=6.0 L=32 T=3000 T0=1500 seed=1; predecessors n=4; sigma^2=0.039931
memory table: level, |m|, m.e0
         1  0.9590  +0.9590
         2  0.9476  +0.9475
         3  0.9421  +0.9420
         4  0.9393  +0.9392
         5  0.9375  +0.9374
         7  0.9352  +0.9349
        10  0.9335  +0.9331
        14  0.9325  +0.9318
        20  0.9311  +0.9298
        28  0.9310  +0.9288
        39  0.9301  +0.9271
        55  0.9286  +0.9245
        76  0.9292  +0.9222
       107  0.9287  +0.9178
       149  0.9298  +0.9151
       208  0.9299  +0.9094
       290  0.9296  +0.9081
       405  0.9297  +0.9004
       566  0.9288  +0.8954
       790  0.9297  +0.8957
      1103  0.9286  +0.8999
      1539  0.9305  +0.9017
      2149  0.9285  +0.8943
      3000  0.9283  +0.8933
SUMMARY: dim=3 menu=fib200 beta=6.0 L=32 T=3000 plateau_|m|=0.9294 lowk_ratio=nan seconds=332
