dim=3 (event lattice Z^4) menu=fib100 beta=1.0 L=32 T=3000 T0=1500 seed=1; predecessors n=4; sigma^2=0.187668
memory table: level, |m|, m.e0
         1  0.7523  +0.7523
         2  0.6364  +0.6364
         3  0.5618  +0.5618
         4  0.5061  +0.5060
         5  0.4634  +0.4633
         7  0.3987  +0.3986
        10  0.3301  +0.3299
        14  0.2660  +0.2660
        20  0.1895  +0.1892
        28  0.1166  +0.1154
        39  0.0711  +0.0655
        55  0.0260  +0.0221
        76  0.0251  +0.0144
       107  0.0139  -0.0094
       149  0.0120  +0.0065
       208  0.0075  +0.0015
       290  0.0225  -0.0159
       405  0.0098  -0.0069
       566  0.0174  -0.0161
       790  0.0164  +0.0017
      1103  0.0026  -0.0021
      1539  0.0088  +0.0054
      2149  0.0135  +0.0052
      3000  0.0087  +0.0072
SUMMARY: dim=3 menu=fib100 beta=1.0 L=32 T=3000 plateau_|m|=0.0135 lowk_ratio=nan seconds=163
