dim=2 (event lattice Z^3) menu=fib50 beta=1.0 L=128 T=3000 T0=1500 seed=1; predecessors n=3; sigma^2=0.223879
memory table: level, |m|, m.e0
         1  0.6706  +0.6706
         2  0.5004  +0.5004
         3  0.3799  +0.3799
         4  0.2934  +0.2934
         5  0.2250  +0.2250
         7  0.1342  +0.1342
        10  0.0678  +0.0671
        14  0.0286  +0.0269
        20  0.0040  +0.0005
        28  0.0092  +0.0082
        39  0.0027  +0.0009
        55  0.0132  -0.0102
        76  0.0101  +0.0003
       107  0.0115  -0.0070
       149  0.0139  -0.0085
       208  0.0094  -0.0043
       290  0.0084  +0.0072
       405  0.0031  -0.0021
       566  0.0175  +0.0082
       790  0.0037  -0.0032
      1103  0.0037  -0.0026
      1539  0.0165  +0.0163
      2149  0.0025  +0.0002
      3000  0.0097  +0.0002
SUMMARY: dim=2 menu=fib50 beta=1.0 L=128 T=3000 plateau_|m|=0.0098 lowk_ratio=nan seconds=40
