dim=3 (event lattice Z^4) menu=fib200 beta=1.0 L=32 T=3000 T0=1500 seed=1; predecessors n=4; sigma^2=0.187668
memory table: level, |m|, m.e0
         1  0.7500  +0.7500
         2  0.6360  +0.6360
         3  0.5664  +0.5664
         4  0.5095  +0.5094
         5  0.4689  +0.4687
         7  0.4053  +0.4052
        10  0.3319  +0.3318
        14  0.2656  +0.2655
        20  0.1959  +0.1955
        28  0.1339  +0.1336
        39  0.0798  +0.0786
        55  0.0411  +0.0405
        76  0.0236  +0.0224
       107  0.0139  -0.0041
       149  0.0062  +0.0030
       208  0.0229  -0.0173
       290  0.0143  -0.0106
       405  0.0129  -0.0009
       566  0.0233  -0.0137
       790  0.0183  +0.0183
      1103  0.0164  -0.0015
      1539  0.0066  +0.0055
      2149  0.0116  +0.0114
      3000  0.0072  +0.0015
SUMMARY: dim=3 menu=fib200 beta=1.0 L=32 T=3000 plateau_|m|=0.0120 lowk_ratio=nan seconds=331
