dim=3 (event lattice Z^4) menu=fib20 beta=0.75 L=32 T=3000 T0=1500 seed=1; predecessors n=4; sigma^2=0.223879
memory table: level, |m|, m.e0
         1  0.6842  +0.6841
         2  0.5222  +0.5219
         3  0.4194  +0.4187
         4  0.3403  +0.3393
         5  0.2812  +0.2796
         7  0.1911  +0.1888
        10  0.1165  +0.1099
        14  0.0638  +0.0490
        20  0.0498  +0.0201
        28  0.0400  +0.0082
        39  0.0484  +0.0075
        55  0.0358  +0.0065
        76  0.0437  +0.0055
       107  0.0403  +0.0010
       149  0.0344  +0.0055
       208  0.0541  +0.0046
       290  0.0479  +0.0090
       405  0.0500  +0.0074
       566  0.0602  +0.0098
       790  0.0468  +0.0137
      1103  0.0417  +0.0086
      1539  0.0437  +0.0136
      2149  0.0445  +0.0124
      3000  0.0394  +0.0069
SUMMARY: dim=3 menu=fib20 beta=0.75 L=32 T=3000 plateau_|m|=0.0454 lowk_ratio=nan seconds=49
