dim=2 (event lattice Z^3) menu=corners8 beta=2.0 L=128 T=3000 T0=1500 seed=1; predecessors n=3; sigma^2=0.138891
memory table: level, |m|, m.e0
         1  0.9628  +0.9628
         2  0.9428  +0.9428
         3  0.9281  +0.9281
         4  0.9173  +0.9173
         5  0.9081  +0.9081
         7  0.8931  +0.8931
        10  0.8802  +0.8802
        14  0.8696  +0.8696
        20  0.8499  +0.8499
        28  0.8376  +0.8376
        39  0.8235  +0.8234
        55  0.8107  +0.8107
        76  0.7868  +0.7867
       107  0.7856  +0.7856
       149  0.7853  +0.7852
       208  0.7733  +0.7732
       290  0.7622  +0.7618
       405  0.7595  +0.7593
       566  0.7507  +0.7506
       790  0.7581  +0.7581
      1103  0.7522  +0.7522
      1539  0.7518  +0.7515
      2149  0.7247  +0.7246
      3000  0.7090  +0.7087
SUMMARY: dim=2 menu=corners8 beta=2.0 L=128 T=3000 plateau_|m|=0.7212 lowk_ratio=nan seconds=7
