dim=3 (event lattice Z^4) menu=fib200 beta=2.0 L=32 T=3000 T0=1500 seed=1; predecessors n=4; sigma^2=0.109375
memory table: level, |m|, m.e0
         1  0.8756  +0.8756
         2  0.8314  +0.8314
         3  0.8090  +0.8090
         4  0.7971  +0.7971
         5  0.7894  +0.7894
         7  0.7779  +0.7779
        10  0.7682  +0.7682
        14  0.7610  +0.7609
        20  0.7564  +0.7561
        28  0.7531  +0.7526
        39  0.7493  +0.7488
        55  0.7466  +0.7464
        76  0.7463  +0.7454
       107  0.7436  +0.7415
       149  0.7456  +0.7437
       208  0.7459  +0.7419
       290  0.7459  +0.7389
       405  0.7408  +0.7165
       566  0.7421  +0.7054
       790  0.7464  +0.6960
      1103  0.7422  +0.6849
      1539  0.7348  +0.6694
      2149  0.7445  +0.6751
      3000  0.7395  +0.6406
SUMMARY: dim=3 menu=fib200 beta=2.0 L=32 T=3000 plateau_|m|=0.7442 lowk_ratio=nan seconds=333
