dim=3 (event lattice Z^4) menu=corners8 beta=0.5 L=32 T=3000 T0=1500 seed=1; predecessors n=4; sigma^2=0.268657
memory table: level, |m|, m.e0
         1  0.5840  +0.5840
         2  0.3493  +0.3493
         3  0.2115  +0.2114
         4  0.1289  +0.1287
         5  0.0729  +0.0729
         7  0.0236  +0.0235
        10  0.0106  +0.0050
        14  0.0112  -0.0036
        20  0.0023  -0.0001
        28  0.0040  +0.0003
        39  0.0062  +0.0035
        55  0.0031  +0.0020
        76  0.0018  +0.0017
       107  0.0091  +0.0014
       149  0.0061  +0.0014
       208  0.0080  +0.0018
       290  0.0079  +0.0034
       405  0.0034  -0.0033
       566  0.0007  -0.0001
       790  0.0057  +0.0027
      1103  0.0067  -0.0047
      1539  0.0017  -0.0007
      2149  0.0077  -0.0044
      3000  0.0062  -0.0017
SUMMARY: dim=3 menu=corners8 beta=0.5 L=32 T=3000 plateau_|m|=0.0060 lowk_ratio=nan seconds=16
