dim=3 (event lattice Z^4) menu=fib100 beta=4.0 L=32 T=3000 T0=1500 seed=1; predecessors n=4; sigma^2=0.058594
memory table: level, |m|, m.e0
         1  0.9398  +0.9398
         2  0.9220  +0.9219
         3  0.9132  +0.9131
         4  0.9083  +0.9081
         5  0.9060  +0.9057
         7  0.9026  +0.9020
        10  0.8993  +0.8983
        14  0.8974  +0.8957
        20  0.8951  +0.8925
        28  0.8949  +0.8907
        39  0.8929  +0.8863
        55  0.8930  +0.8842
        76  0.8935  +0.8813
       107  0.8939  +0.8778
       149  0.8927  +0.8702
       208  0.8942  +0.8639
       290  0.8964  +0.8566
       405  0.8946  +0.8466
       566  0.8946  +0.8465
       790  0.8950  +0.8435
      1103  0.8929  +0.8494
      1539  0.8945  +0.8438
      2149  0.8935  +0.8449
      3000  0.8930  +0.8477
SUMMARY: dim=3 menu=fib100 beta=4.0 L=32 T=3000 plateau_|m|=0.8940 lowk_ratio=nan seconds=169
