dim=2 (event lattice Z^3) menu=axes6 beta=1.0 L=128 T=3000 T0=1500 seed=1; predecessors n=3; sigma^2=0.223879
memory table: level, |m|, m.e0
         1  0.8309  +0.8309
         2  0.7046  +0.7046
         3  0.5858  +0.5858
         4  0.4836  +0.4836
         5  0.3940  +0.3940
         7  0.2609  +0.2609
        10  0.1349  +0.1346
        14  0.0690  +0.0690
        20  0.0119  +0.0112
        28  0.0133  +0.0047
        39  0.0116  -0.0086
        55  0.0172  +0.0062
        76  0.0084  +0.0031
       107  0.0156  +0.0114
       149  0.0122  -0.0013
       208  0.0103  +0.0056
       290  0.0091  +0.0090
       405  0.0104  +0.0056
       566  0.0116  +0.0082
       790  0.0124  +0.0013
      1103  0.0061  +0.0045
      1539  0.0081  -0.0063
      2149  0.0042  +0.0032
      3000  0.0074  +0.0046
SUMMARY: dim=2 menu=axes6 beta=1.0 L=128 T=3000 plateau_|m|=0.0103 lowk_ratio=nan seconds=8
