dim=3 (event lattice Z^4) menu=fib50 beta=8.0 L=32 T=3000 T0=1500 seed=1; predecessors n=4; sigma^2=0.030273
memory table: level, |m|, m.e0
         1  0.9891  +0.9891
         2  0.9848  +0.9848
         3  0.9827  +0.9826
         4  0.9815  +0.9814
         5  0.9808  +0.9807
         7  0.9799  +0.9797
        10  0.9789  +0.9787
        14  0.9790  +0.9787
        20  0.9786  +0.9780
        28  0.9779  +0.9773
        39  0.9780  +0.9775
        55  0.9783  +0.9779
        76  0.9781  +0.9775
       107  0.9776  +0.9769
       149  0.9779  +0.9773
       208  0.9778  +0.9771
       290  0.9777  +0.9769
       405  0.9779  +0.9772
       566  0.9784  +0.9779
       790  0.9787  +0.9782
      1103  0.9785  +0.9780
      1539  0.9781  +0.9775
      2149  0.9779  +0.9772
      3000  0.9778  +0.9773
SUMMARY: dim=3 menu=fib50 beta=8.0 L=32 T=3000 plateau_|m|=0.9781 lowk_ratio=nan seconds=83
