dim=3 (event lattice Z^4) menu=fib50 beta=6.0 L=32 T=3000 T0=1500 seed=1; predecessors n=4; sigma^2=0.039931
memory table: level, |m|, m.e0
         1  0.9754  +0.9754
         2  0.9665  +0.9664
         3  0.9615  +0.9614
         4  0.9581  +0.9579
         5  0.9568  +0.9565
         7  0.9546  +0.9541
        10  0.9538  +0.9531
        14  0.9530  +0.9517
        20  0.9517  +0.9495
        28  0.9518  +0.9483
        39  0.9512  +0.9460
        55  0.9510  +0.9437
        76  0.9503  +0.9405
       107  0.9490  +0.9351
       149  0.9499  +0.9312
       208  0.9503  +0.9296
       290  0.9498  +0.9290
       405  0.9494  +0.9286
       566  0.9498  +0.9286
       790  0.9492  +0.9296
      1103  0.9501  +0.9309
      1539  0.9489  +0.9286
      2149  0.9499  +0.9271
      3000  0.9494  +0.9270
SUMMARY: dim=3 menu=fib50 beta=6.0 L=32 T=3000 plateau_|m|=0.9496 lowk_ratio=nan seconds=88
