dim=2 (event lattice Z^3) menu=fib100 beta=12.0 L=128 T=3000 T0=1500 seed=1; predecessors n=3; sigma^2=0.027006
memory table: level, |m|, m.e0
         1  0.9787  +0.9787
         2  0.9695  +0.9695
         3  0.9642  +0.9642
         4  0.9603  +0.9602
         5  0.9583  +0.9582
         7  0.9543  +0.9541
        10  0.9507  +0.9503
        14  0.9468  +0.9462
        20  0.9434  +0.9423
        28  0.9401  +0.9386
        39  0.9389  +0.9366
        55  0.9374  +0.9349
        76  0.9358  +0.9315
       107  0.9335  +0.9283
       149  0.9355  +0.9291
       208  0.9336  +0.9240
       290  0.9352  +0.9246
       405  0.9333  +0.9196
       566  0.9365  +0.9209
       790  0.9323  +0.9151
      1103  0.9325  +0.9182
      1539  0.9352  +0.9177
      2149  0.9370  +0.9181
      3000  0.9347  +0.9182
SUMMARY: dim=2 menu=fib100 beta=12.0 L=128 T=3000 plateau_|m|=0.9350 lowk_ratio=nan seconds=87
