# T32 L=32 amp=0.06 nk=1 improved  k^2=0.038553  (flat pass 10s)
  pol      s   s k^2   A/Apred   B/Bpred   part r  corr12     res/y   res/Bx2
   TT    3.0   0.116    0.9810    1.7007   0.5922  0.9971 3.339e-03 1.032e-01
   TT    4.0   0.154    0.9836    1.5971   0.7793  0.9971 2.445e-03 6.099e-02
   TT    5.0   0.193    0.9829    1.5378   0.8541  0.9971 2.212e-03 4.619e-02
   TT    6.0   0.231    0.9809    1.5119   0.8890  0.9971 2.193e-03 3.907e-02
   TT    8.0   0.308    0.9745    1.5056   0.9193  0.9971 2.391e-03 3.247e-02
   TT   10.0   0.386    0.9664    1.5208   0.9307  0.9971 2.739e-03 2.981e-02
   TT   12.0   0.463    0.9573    1.5400   0.9349  0.9971 3.179e-03 2.878e-02
   TT   16.0   0.617    0.9376    1.5709   0.9352  0.9971 4.225e-03 2.873e-02
   TT   20.0   0.771    0.9157    1.5873   0.9296  0.9971 5.481e-03 3.006e-02
   TT   25.0   0.964    0.8786    1.5915   0.9102  0.9971 7.788e-03 3.452e-02
 conf    3.0   0.116    1.3181    1.2834   0.4827  0.8637 2.911e-02 9.143e-01
 conf    4.0   0.154    1.2248    1.2507   0.6932  0.8637 2.308e-02 5.239e-01
 conf    5.0   0.193    1.1747    1.2357   0.8301  0.8637 1.899e-02 3.385e-01
 conf    6.0   0.231    1.1432    1.2308   0.9063  0.8637 1.602e-02 2.351e-01
 conf    8.0   0.308    1.1056    1.2366   0.9683  0.8637 1.199e-02 1.300e-01
 conf   10.0   0.386    1.0839    1.2520   0.9872  0.8637 9.450e-03 8.126e-02
 conf   12.0   0.463    1.0697    1.2717   0.9940  0.8637 7.766e-03 5.539e-02
 conf   16.0   0.617    1.0523    1.3160   0.9981  0.8637 5.865e-03 3.134e-02
 conf   20.0   0.771    1.0418    1.3651   0.9991  0.8637 4.887e-03 2.099e-02
 conf   25.0   0.964    1.0324    1.4398   0.9997  0.8637 3.826e-03 1.323e-02
  V0a    3.0   0.116    1.0723    5.4722   0.7824  0.5735 1.001e-01 6.520e-01
  V0a    4.0   0.154    1.0525    3.4376   0.8289  0.5735 7.368e-02 5.529e-01
  V0a    5.0   0.193    1.0408    2.5823   0.8703  0.5735 5.898e-02 4.636e-01
  V0a    6.0   0.231    1.0330    2.1435   0.9033  0.5735 4.969e-02 3.891e-01
  V0a    8.0   0.308    1.0229    1.7346   0.9454  0.5735 3.903e-02 2.825e-01
  V0a   10.0   0.386    1.0161    1.5644   0.9665  0.5735 3.370e-02 2.175e-01
  V0a   12.0   0.463    1.0107    1.4851   0.9772  0.5735 3.114e-02 1.782e-01
  V0a   16.0   0.617    1.0017    1.4328   0.9858  0.5735 3.055e-02 1.396e-01
  V0a   20.0   0.771    0.9926    1.4383   0.9880  0.5735 3.404e-02 1.280e-01
  V0a   25.0   0.964    0.9759    1.4866   0.9862  0.5735 4.516e-02 1.375e-01
 tran    3.0   0.116    0.9901    5.4672   0.6687  0.7045 1.062e-01 7.890e-01
 tran    4.0   0.154    0.9942    3.4352   0.7281  0.7045 7.656e-02 6.681e-01
 tran    5.0   0.193    0.9950    2.5808   0.7850  0.7045 6.062e-02 5.600e-01
 tran    6.0   0.231    0.9947    2.1425   0.8336  0.7045 5.076e-02 4.702e-01
 tran    8.0   0.308    0.9927    1.7341   0.9008  0.7045 3.968e-02 3.420e-01
 tran   10.0   0.386    0.9898    1.5640   0.9372  0.7045 3.427e-02 2.642e-01
 tran   12.0   0.463    0.9861    1.4848   0.9562  0.7045 3.175e-02 2.171e-01
 tran   16.0   0.617    0.9767    1.4325   0.9721  0.7045 3.142e-02 1.711e-01
 tran   20.0   0.771    0.9636    1.4381   0.9762  0.7045 3.537e-02 1.575e-01
 tran   25.0   0.964    0.9355    1.4866   0.9726  0.7045 4.780e-02 1.698e-01
