# T36 joint per-edge fit, L=32 amp=0.06 nk=1 improved, 8 channels
     s   s k^2   A/Apred   B/Bpred   part r  corr12     res/y   res/Bx2  dB(sys)
   4.0   0.154    1.0837    3.3274   0.6917  0.7197 8.130e-02 7.249e-01    1.044
   5.0   0.193    1.0652    2.5175   0.7567  0.7197 6.502e-02 5.999e-01    0.864
   6.0   0.231    1.0532    2.1023   0.8134  0.7197 5.451e-02 4.965e-01    0.715
   8.0   0.308    1.0383    1.7162   0.8931  0.7197 4.205e-02 3.498e-01    0.504
  10.0   0.386    1.0290    1.5567   0.9362  0.7197 3.537e-02 2.606e-01    0.375
  12.0   0.463    1.0223    1.4834   0.9586  0.7197 3.172e-02 2.063e-01    0.297
  16.0   0.617    1.0122    1.4376   0.9769  0.7197 2.941e-02 1.520e-01    0.219
  20.0   0.771    1.0034    1.4472   0.9821  0.7197 3.140e-02 1.333e-01    0.192
  25.0   0.964    0.9891    1.5004   0.9808  0.7197 4.027e-02 1.381e-01    0.199
