LAW 97388 768 768 288 99212 0 100652 101708 0
GEOMETRY 3 132541 1587395 38 54 0
ROUTE_PREFLIGHT 38 0 0 0
COMPACT_REGRESSION (True, '')
DOMAIN 360 2160 1080 1080 (360, 360, 360) 0
FIREWALL 0 0 0 () True
INITIAL_CROSSFIRE (True, 15, 15, (), ())
COVARIANCE (24, 288, 132747) 0
MIN (True, (132542, 2261261, 27, 1587398, 132541, (0, 0, 1), 1, 'H1', ()))
MAX (True, (132542, 1685913, 23, 1587398, 132541, (0, 0, 1), 1, 'H1', ()))
PHYSICAL_ROTATIONS ((0, (True, (132542, 1685909, 23, 1587398, 132541, (0, 0, 1), 1, 'H1', ()))), (1, (True, (132542, 1776617, 25, 1587398, 132541, (0, 0, 1), 1, 'H1', ()))), (2, (True, (132542, 1747032, 23, 1587398, 132541, (0, 0, 1), 1, 'H1', ()))), (3, (True, (132542, 1842059, 24, 1587398, 132541, (0, 0, 1), 1, 'H1', ()))), (4, (True, (132542, 1670477, 21, 1587398, 132541, (0, 0, 1), 1, 'H1', ()))), (5, (True, (132542, 1629005, 18, 1587398, 132541, (0, 0, 1), 1, 'H1', ()))))
DELETIONS 132606 0 (0, 0, -1)
SECONDS 187.685
RESULT OPEN
