===== runner cache v1 =====
runner: scripts/finite_formation_with_retained_fourth_order_dynamics_2026_09_24.py
runner_sha256: 17cd1cb094b6b0dffd042cc49a2ca07401f250ee1eed086950f94e14784aaa67
input_fingerprint_sha256: e61afd5119c2b7d255687eaa7de88b02868754ccf8b7dae0530ec8b2babcc691
timeout_sec: 3600
exit_code: 0
elapsed_sec: 7.25
status: ok
----- stdout -----
Evidence boundary: supplied models; finite controls do not establish native physics, limit interchange or audit status.
[PASS] component fast_matter_formation_check.py; stdout sha256=1b7a3443888b50a10f87d7cb363b9eeaafbc234f174eaab98a163c5470cded40
[PASS] component first_formation_field_check.py; stdout sha256=ac44fd0f26cad7576c127f95a46989bf9b179a5eebc93857900de9ceabefbdf9
RESULT FAST_MATTER_FORMATION_RESULTS.json
{
  "created_utc": "2026-09-24T05:38:11.380995+00:00",
  "source_sha256": "5a1115143ad327bf0669c8561e47e15b61ff87623ef26dd329f8b7589efb5d18",
  "tree_builder_sha256": "dd19906f85f2ce1834495ec0480e8d9e7a2127126ce3aa01a77273a3c2399d8e",
  "coefficients": [
    {
      "model": "star_4",
      "dimension": 45,
      "P_dimension": 29,
      "two_hole_dimension": 0,
      "H2": [
        [
          0,
          0,
          0,
          0,
          0,
          0,
          0,
          0,
          0,
          0,
          0,
          0,
          0,
          0,
          0,
          0,
          0,
          0,
          0,
          0,
          0,
          0,
          0,
          0,
          0,
          0,
          0,
          0,
          0
        ],
        [
          0,
          -2,
          0,
          0,
          0,
          0,
          0,
          0,
          0,
          0,
          0,
          -1,
          -1,
          0,
          0,
          0,
          -1,
          -1,
          0,
          0,
          0,
          0,
          0,
          0,
          0,
          0,
          0,
          0,
          0
        ],
        [
          0,
          0,
          -2,
          0,
          0,
          0,
          0,
          0,
          0,
          0,
          0,
          -1,
          0,
          0,
          -1,
          0,
          0,
          0,
          -1,
          0,
          0,
          -1,
          0,
          0,
          0,
          0,
          0,
          0,
          0
        ],
        [
          0,
          0,
          0,
          -2,
          0,
          0,
          0,
          0,
          0,
          0,
          0,
          0,
          -1,
          0,
          -1,
          0,
          0,
          0,
          0,
          0,
          -1,
          0,
          -1,
          0,
          0,
          0,
          0,
          0,
          0
        ],
        [
          0,
          0,
          0,
          0,
          0,
          0,
          0,
          0,
          0,
          0,
          0,
          0,
          0,
          0,
          0,
          0,
          0,
          0,
          0,
          0,
          0,
          0,
          0,
          0,
          0,
          0,
          0,
          0,
          0
        ],
        [
          0,
          0,
          0,
          0,
          0,
          -2,
          0,
          0,
          0,
          0,
          0,
          0,
          0,
          0,
          0,
          0,
          -1,
          0,
          -1,
          0,
          0,
          0,
          0,
          0,
          -1,
          0,
          -1,
          0,
          0
        ],
        [
          0,
          0,
          0,
          0,
          0,
          0,
          -2,
          0,
          0,
          0,
          0,
          0,
          0,
          0,
          0,
          0,
          0,
          -1,
          0,
          0,
          -1,
          0,
          0,
          0,
          -1,
          0,
          0,
          -1,
          0
        ],
        [
          0,
          0,
          0,
          0,
          0,
          0,
          0,
          0,
          0,
          0,
          0,
          0,
          0,
          0,
          0,
          0,
          0,
          0,
          0,
          0,
          0,
          0,
          0,
          0,
          0,
          0,
          0,
          0,
          0
        ],
        [
          0,
          0,
          0,
          0,
          0,
          0,
          0,
          0,
          -2,
          0,
          0,
          0,
          0,
          0,
          0,
          0,
          0,
          0,
          0,
          0,
          0,
          -1,
          -1,
          0,
          0,
          0,
          -1,
          -1,
          0
        ],
        [
          0,
          0,
          0,
          0,
          0,
          0,
          0,
          0,
          0,
          0,
          0,
          0,
          0,
          0,
          0,
          0,
          0,
          0,
          0,
          0,
          0,
          0,
          0,
          0,
          0,
          0,
          0,
          0,
          0
        ],
        [
          0,
          0,
          0,
          0,
          0,
          0,
          0,
          0,
          0,
          0,
          0,
          0,
          0,
          0,
          0,
          0,
          0,
          0,
          0,
          0,
          0,
          0,
          0,
          0,
          0,
          0,
          0,
          0,
          0
        ],
        [
          0,
          -1,
          -1,
          0,
          0,
          0,
          0,
          0,
          0,
          0,
          0,
          -2,
          -1,
          0,
          -1,
          0,
          0,
          0,
          0,
          0,
          0,
          0,
          0,
          0,
          0,
          0,
          0,
          0,
          0
        ],
        [
          0,
          -1,
          0,
          -1,
          0,
          0,
          0,
          0,
          0,
          0,
          0,
          -1,
          -2,
          0,
          -1,
          0,
          0,
          0,
          0,
          0,
          0,
          0,
          0,
          0,
          0,
          0,
          0,
          0,
          0
        ],
        [
          0,
          0,
          0,
          0,
          0,
          0,
          0,
          0,
          0,
          0,
          0,
          0,
          0,
          0,
          0,
          0,
          0,
          0,
          0,
          0,
          0,
          0,
          0,
          0,
          0,
          0,
          0,
          0,
          0
        ],
        [
          0,
          0,
          -1,
          -1,
          0,
          0,
          0,
          0,
          0,
          0,
          0,
          -1,
          -1,
          0,
          -2,
          0,
          0,
          0,
          0,
          0,
          0,
          0,
          0,
          0,
          0,
          0,
          0,
          0,
          0
        ],
        [
          0,
          0,
          0,
          0,
          0,
          0,
          0,
          0,
          0,
          0,
          0,
          0,
          0,
          0,
          0,
          0,
          0,
          0,
          0,
          0,
          0,
          0,
          0,
          0,
          0,
          0,
          0,
          0,
          0
        ],
        [
          0,
          -1,
          0,
          0,
          0,
          -1,
          0,
          0,
          0,
          0,
          0,
          0,
          0,
          0,
          0,
          0,
          -2,
          -1,
          0,
          0,
          0,
          0,
          0,
          0,
          -1,
          0,
          0,
          0,
          0
        ],
        [
          0,
          -1,
          0,
          0,
          0,
          0,
          -1,
          0,
          0,
          0,
          0,
          0,
          0,
          0,
          0,
          0,
          -1,
          -2,
          0,
          0,
          0,
          0,
          0,
          0,
          -1,
          0,
          0,
          0,
          0
        ],
        [
          0,
          0,
          -1,
          0,
          0,
          -1,
          0,
          0,
          0,
          0,
          0,
          0,
          0,
          0,
          0,
          0,
          0,
          0,
          -2,
          0,
          0,
          -1,
          0,
          0,
          0,
          0,
          -1,
          0,
          0
        ],
        [
          0,
          0,
          0,
          0,
          0,
          0,
          0,
          0,
          0,
          0,
          0,
          0,
          0,
          0,
          0,
          0,
          0,
          0,
          0,
          -4,
          0,
          0,
          0,
          0,
          0,
          0,
          0,
          0,
          0
        ],
        [
          0,
          0,
          0,
          -1,
          0,
          0,
          -1,
          0,
          0,
          0,
          0,
          0,
          0,
          0,
          0,
          0,
          0,
          0,
          0,
          0,
          -2,
          0,
          -1,
          0,
          0,
          0,
          0,
          -1,
          0
        ],
        [
          0,
          0,
          -1,
          0,
          0,
          0,
          0,
          0,
          -1,
          0,
          0,
          0,
          0,
          0,
          0,
          0,
          0,
          0,
          -1,
          0,
          0,
          -2,
          0,
          0,
          0,
          0,
          -1,
          0,
          0
        ],
        [
          0,
          0,
          0,
          -1,
          0,
          0,
          0,
          0,
          -1,
          0,
          0,
          0,
          0,
          0,
          0,
          0,
          0,
          0,
          0,
          0,
          -1,
          0,
          -2,
          0,
          0,
          0,
          0,
          -1,
          0
        ],
        [
          0,
          0,
          0,
          0,
          0,
          0,
          0,
          0,
          0,
          0,
          0,
          0,
          0,
          0,
          0,
          0,
          0,
          0,
          0,
          0,
          0,
          0,
          0,
          0,
          0,
          0,
          0,
          0,
          0
        ],
        [
          0,
          0,
          0,
          0,
          0,
          -1,
          -1,
          0,
          0,
          0,
          0,
          0,
          0,
          0,
          0,
          0,
          -1,
          -1,
          0,
          0,
          0,
          0,
          0,
          0,
          -2,
          0,
          0,
          0,
          0
        ],
        [
          0,
          0,
          0,
          0,
          0,
          0,
          0,
          0,
          0,
          0,
          0,
          0,
          0,
          0,
          0,
          0,
          0,
          0,
          0,
          0,
          0,
          0,
          0,
          0,
          0,
          0,
          0,
          0,
          0
        ],
        [
          0,
          0,
          0,
          0,
          0,
          -1,
          0,
          0,
          -1,
          0,
          0,
          0,
          0,
          0,
          0,
          0,
          0,
          0,
          -1,
          0,
          0,
          -1,
          0,
          0,
          0,
          0,
          -2,
          0,
          0
        ],
        [
          0,
          0,
          0,
          0,
          0,
          0,
          -1,
          0,
          -1,
          0,
          0,
          0,
          0,
          0,
          0,
          0,
          0,
          0,
          0,
          0,
          -1,
          0,
          -1,
          0,
          0,
          0,
          0,
          -2,
          0
        ],
        [
          0,
          0,
          0,
          0,
          0,
          0,
          0,
          0,
          0,
          0,
          0,
          0,
          0,
          0,
          0,
          0,
          0,
          0,
          0,
          0,
          0,
          0,
          0,
          0,
          0,
          0,
          0,
          0,
          0
        ]
      ],
      "H4": [
        [
          0.0,
          0.0,
          0.0,
          0.0,
          0.0,
          0.0,
          0.0,
          0.0,
          0.0,
          0.0,
          0.0,
          0.0,
          0.0,
          0.0,
          0.0,
          0.0,
          0.0,
          0.0,
          0.0,
          0.0,
          0.0,
          0.0,
          0.0,
          0.0,
          0.0,
          0.0,
          0.0,
          0.0,
          0.0
        ],
        [
          0.0,
          8.0,
          1.0,
          1.0,
          0.0,
          1.0,
          1.0,
          0.0,
          0.0,
          0.0,
          0.0,
          5.0,
          5.0,
          0.0,
          2.0,
          0.0,
          5.0,
          5.0,
          0.0,
          0.0,
          0.0,
          0.0,
          0.0,
          0.0,
          2.0,
          0.0,
          0.0,
          0.0,
          0.0
        ],
        [
          0.0,
          1.0,
          8.0,
          1.0,
          0.0,
          1.0,
          0.0,
          0.0,
          1.0,
          0.0,
          0.0,
          5.0,
          2.0,
          0.0,
          5.0,
          0.0,
          0.0,
          0.0,
          5.0,
          0.0,
          0.0,
          5.0,
          0.0,
          0.0,
          0.0,
          0.0,
          2.0,
          0.0,
          0.0
        ],
        [
          0.0,
          1.0,
          1.0,
          8.0,
          0.0,
          0.0,
          1.0,
          0.0,
          1.0,
          0.0,
          0.0,
          2.0,
          5.0,
          0.0,
          5.0,
          0.0,
          0.0,
          0.0,
          0.0,
          0.0,
          5.0,
          0.0,
          5.0,
          0.0,
          0.0,
          0.0,
          0.0,
          2.0,
          0.0
        ],
        [
          0.0,
          0.0,
          0.0,
          0.0,
          0.0,
          0.0,
          0.0,
          0.0,
          0.0,
          0.0,
          0.0,
          0.0,
          0.0,
          0.0,
          0.0,
          0.0,
          0.0,
          0.0,
          0.0,
          0.0,
          0.0,
          0.0,
          0.0,
          0.0,
          0.0,
          0.0,
          0.0,
          0.0,
          0.0
        ],
        [
          0.0,
          1.0,
          1.0,
          0.0,
          0.0,
          8.0,
          1.0,
          0.0,
          1.0,
          0.0,
          0.0,
          0.0,
          0.0,
          0.0,
          0.0,
          0.0,
          5.0,
          2.0,
          5.0,
          0.0,
          0.0,
          2.0,
          0.0,
          0.0,
          5.0,
          0.0,
          5.0,
          0.0,
          0.0
        ],
        [
          0.0,
          1.0,
          0.0,
          1.0,
          0.0,
          1.0,
          8.0,
          0.0,
          1.0,
          0.0,
          0.0,
          0.0,
          0.0,
          0.0,
          0.0,
          0.0,
          2.0,
          5.0,
          0.0,
          0.0,
          5.0,
          0.0,
          2.0,
          0.0,
          5.0,
          0.0,
          0.0,
          5.0,
          0.0
        ],
        [
          0.0,
          0.0,
          0.0,
          0.0,
          0.0,
          0.0,
          0.0,
          0.0,
          0.0,
          0.0,
          0.0,
          0.0,
          0.0,
          0.0,
          0.0,
          0.0,
          0.0,
          0.0,
          0.0,
          0.0,
          0.0,
          0.0,
          0.0,
          0.0,
          0.0,
          0.0,
          0.0,
          0.0,
          0.0
        ],
        [
          0.0,
          0.0,
          1.0,
          1.0,
          0.0,
          1.0,
          1.0,
          0.0,
          8.0,
          0.0,
          0.0,
          0.0,
          0.0,
          0.0,
          0.0,
          0.0,
          0.0,
          0.0,
          2.0,
          0.0,
          2.0,
          5.0,
          5.0,
          0.0,
          0.0,
          0.0,
          5.0,
          5.0,
          0.0
        ],
        [
          0.0,
          0.0,
          0.0,
          0.0,
          0.0,
          0.0,
          0.0,
          0.0,
          0.0,
          0.0,
          0.0,
          0.0,
          0.0,
          0.0,
          0.0,
          0.0,
          0.0,
          0.0,
          0.0,
          0.0,
          0.0,
          0.0,
          0.0,
          0.0,
          0.0,
          0.0,
          0.0,
          0.0,
          0.0
        ],
        [
          0.0,
          0.0,
          0.0,
          0.0,
          0.0,
          0.0,
          0.0,
          0.0,
          0.0,
          0.0,
          0.0,
          0.0,
          0.0,
          0.0,
          0.0,
          0.0,
          0.0,
          0.0,
          0.0,
          0.0,
          0.0,
          0.0,
          0.0,
          0.0,
          0.0,
          0.0,
          0.0,
          0.0,
          0.0
        ],
        [
          0.0,
          5.0,
          5.0,
          2.0,
          0.0,
          0.0,
          0.0,
          0.0,
          0.0,
          0.0,
          0.0,
          8.0,
          6.0,
          0.0,
          6.0,
          0.0,
          1.0,
          1.0,
          1.0,
          0.0,
          0.0,
          1.0,
          0.0,
          0.0,
          0.0,
          0.0,
          0.0,
          0.0,
          0.0
        ],
        [
          0.0,
          5.0,
          2.0,
          5.0,
          0.0,
          0.0,
          0.0,
          0.0,
          0.0,
          0.0,
          0.0,
          6.0,
          8.0,
          0.0,
          6.0,
          0.0,
          1.0,
          1.0,
          0.0,
          0.0,
          1.0,
          0.0,
          1.0,
          0.0,
          0.0,
          0.0,
          0.0,
          0.0,
          0.0
        ],
        [
          0.0,
          0.0,
          0.0,
          0.0,
          0.0,
          0.0,
          0.0,
          0.0,
          0.0,
          0.0,
          0.0,
          0.0,
          0.0,
          0.0,
          0.0,
          0.0,
          0.0,
          0.0,
          0.0,
          0.0,
          0.0,
          0.0,
          0.0,
          0.0,
          0.0,
          0.0,
          0.0,
          0.0,
          0.0
        ],
        [
          0.0,
          2.0,
          5.0,
          5.0,
          0.0,
          0.0,
          0.0,
          0.0,
          0.0,
          0.0,
          0.0,
          6.0,
          6.0,
          0.0,
          8.0,
          0.0,
          0.0,
          0.0,
          1.0,
          0.0,
          1.0,
          1.0,
          1.0,
          0.0,
          0.0,
          0.0,
          0.0,
          0.0,
          0.0
        ],
        [
          0.0,
          0.0,
          0.0,
          0.0,
          0.0,
          0.0,
          0.0,
          0.0,
          0.0,
          0.0,
          0.0,
          0.0,
          0.0,
          0.0,
          0.0,
          0.0,
          0.0,
          0.0,
          0.0,
          0.0,
          0.0,
          0.0,
          0.0,
          0.0,
          0.0,
          0.0,
          0.0,
          0.0,
          0.0
        ],
        [
          0.0,
          5.0,
          0.0,
          0.0,
          0.0,
          5.0,
          2.0,
          0.0,
          0.0,
          0.0,
          0.0,
          1.0,
          1.0,
          0.0,
          0.0,
          0.0,
          8.0,
          6.0,
          1.0,
          0.0,
          0.0,
          0.0,
          0.0,
          0.0,
          6.0,
          0.0,
          1.0,
          0.0,
          0.0
        ],
        [
          0.0,
          5.0,
          0.0,
          0.0,
          0.0,
          2.0,
          5.0,
          0.0,
          0.0,
          0.0,
          0.0,
          1.0,
          1.0,
          0.0,
          0.0,
          0.0,
          6.0,
          8.0,
          0.0,
          0.0,
          1.0,
          0.0,
          0.0,
          0.0,
          6.0,
          0.0,
          0.0,
          1.0,
          0.0
        ],
        [
          0.0,
          0.0,
          5.0,
          0.0,
          0.0,
          5.0,
          0.0,
          0.0,
          2.0,
          0.0,
          0.0,
          1.0,
          0.0,
          0.0,
          1.0,
          0.0,
          1.0,
          0.0,
          8.0,
          0.0,
          0.0,
          6.0,
          0.0,
          0.0,
          1.0,
          0.0,
          6.0,
          0.0,
          0.0
        ],
        [
          0.0,
          0.0,
          0.0,
          0.0,
          0.0,
          0.0,
          0.0,
          0.0,
          0.0,
          0.0,
          0.0,
          0.0,
          0.0,
          0.0,
          0.0,
          0.0,
          0.0,
          0.0,
          0.0,
          16.0,
          0.0,
          0.0,
          0.0,
          0.0,
          0.0,
          0.0,
          0.0,
          0.0,
          0.0
        ],
        [
          0.0,
          0.0,
          0.0,
          5.0,
          0.0,
          0.0,
          5.0,
          0.0,
          2.0,
          0.0,
          0.0,
          0.0,
          1.0,
          0.0,
          1.0,
          0.0,
          0.0,
          1.0,
          0.0,
          0.0,
          8.0,
          0.0,
          6.0,
          0.0,
          1.0,
          0.0,
          0.0,
          6.0,
          0.0
        ],
        [
          0.0,
          0.0,
          5.0,
          0.0,
          0.0,
          2.0,
          0.0,
          0.0,
          5.0,
          0.0,
          0.0,
          1.0,
          0.0,
          0.0,
          1.0,
          0.0,
          0.0,
          0.0,
          6.0,
          0.0,
          0.0,
          8.0,
          1.0,
          0.0,
          0.0,
          0.0,
          6.0,
          1.0,
          0.0
        ],
        [
          0.0,
          0.0,
          0.0,
          5.0,
          0.0,
          0.0,
          2.0,
          0.0,
          5.0,
          0.0,
          0.0,
          0.0,
          1.0,
          0.0,
          1.0,
          0.0,
          0.0,
          0.0,
          0.0,
          0.0,
          6.0,
          1.0,
          8.0,
          0.0,
          0.0,
          0.0,
          1.0,
          6.0,
          0.0
        ],
        [
          0.0,
          0.0,
          0.0,
          0.0,
          0.0,
          0.0,
          0.0,
          0.0,
          0.0,
          0.0,
          0.0,
          0.0,
          0.0,
          0.0,
          0.0,
          0.0,
          0.0,
          0.0,
          0.0,
          0.0,
          0.0,
          0.0,
          0.0,
          0.0,
          0.0,
          0.0,
          0.0,
          0.0,
          0.0
        ],
        [
          0.0,
          2.0,
          0.0,
          0.0,
          0.0,
          5.0,
          5.0,
          0.0,
          0.0,
          0.0,
          0.0,
          0.0,
          0.0,
          0.0,
          0.0,
          0.0,
          6.0,
          6.0,
          1.0,
          0.0,
          1.0,
          0.0,
          0.0,
          0.0,
          8.0,
          0.0,
          1.0,
          1.0,
          0.0
        ],
        [
          0.0,
          0.0,
          0.0,
          0.0,
          0.0,
          0.0,
          0.0,
          0.0,
          0.0,
          0.0,
          0.0,
          0.0,
          0.0,
          0.0,
          0.0,
          0.0,
          0.0,
          0.0,
          0.0,
          0.0,
          0.0,
          0.0,
          0.0,
          0.0,
          0.0,
          0.0,
          0.0,
          0.0,
          0.0
        ],
        [
          0.0,
          0.0,
          2.0,
          0.0,
          0.0,
          5.0,
          0.0,
          0.0,
          5.0,
          0.0,
          0.0,
          0.0,
          0.0,
          0.0,
          0.0,
          0.0,
          1.0,
          0.0,
          6.0,
          0.0,
          0.0,
          6.0,
          1.0,
          0.0,
          1.0,
          0.0,
          8.0,
          1.0,
          0.0
        ],
        [
          0.0,
          0.0,
          0.0,
          2.0,
          0.0,
          0.0,
          5.0,
          0.0,
          5.0,
          0.0,
          0.0,
          0.0,
          0.0,
          0.0,
          0.0,
          0.0,
          0.0,
          1.0,
          0.0,
          0.0,
          6.0,
          1.0,
          6.0,
          0.0,
          1.0,
          0.0,
          1.0,
          8.0,
          0.0
        ],
        [
          0.0,
          0.0,
          0.0,
          0.0,
          0.0,
          0.0,
          0.0,
          0.0,
          0.0,
          0.0,
          0.0,
          0.0,
          0.0,
          0.0,
          0.0,
          0.0,
          0.0,
          0.0,
          0.0,
          0.0,
          0.0,
          0.0,
          0.0,
          0.0,
          0.0,
          0.0,
          0.0,
          0.0,
          0.0
        ]
      ],
      "canonical_polar_controls": [
        {
          "epsilon": 0.04,
          "fourth_coefficient_operator_error": 0.6750446405672238,
          "error_divided_by_epsilon_squared": 421.9029003545148
        },
        {
          "epsilon": 0.02,
          "fourth_coefficient_operator_error": 0.1717701174893063,
          "error_divided_by_epsilon_squared": 429.4252937232657
        },
        {
          "epsilon": 0.01,
          "fourth_coefficient_operator_error": 0.04313530875275528,
          "error_divided_by_epsilon_squared": 431.35308752755276
        }
      ]
    },
    {
      "model": "two_A_path",
      "dimension": 9,
      "P_dimension": 4,
      "two_hole_dimension": 1,
      "H2": [
        [
          0,
          0,
          0,
          0
        ],
        [
          0,
          -3,
          0,
          0
        ],
        [
          0,
          0,
          0,
          0
        ],
        [
          0,
          0,
          0,
          0
        ]
      ],
      "H4": [
        [
          0.0,
          0.0,
          0.0,
          0.0
        ],
        [
          0.0,
          7.0,
          0.0,
          0.0
        ],
        [
          0.0,
          0.0,
          0.0,
          0.0
        ],
        [
          0.0,
          0.0,
          0.0,
          0.0
        ]
      ],
      "canonical_polar_controls": [
        {
          "epsilon": 0.04,
          "fourth_coefficient_operator_error": 0.057005365831906296,
          "error_divided_by_epsilon_squared": 35.628353644941434
        },
        {
          "epsilon": 0.02,
          "fourth_coefficient_operator_error": 0.01436250985855292,
          "error_divided_by_epsilon_squared": 35.9062746463823
        },
        {
          "epsilon": 0.01,
          "fourth_coefficient_operator_error": 0.0035976517211757653,
          "error_divided_by_epsilon_squared": 35.97651721175765
        }
      ]
    },
    {
      "model": "ring_S1",
      "dimension": 19,
      "P_dimension": 9,
      "two_hole_dimension": 2,
      "H2": [
        [
          -0.0,
          -0.0,
          -0.0,
          -0.0,
          -0.0,
          -0.0,
          -0.0,
          -0.0,
          -0.0
        ],
        [
          -0.0,
          -0.0,
          -0.0,
          -0.0,
          -0.0,
          -0.0,
          -0.0,
          -0.0,
          -0.0
        ],
        [
          -0.0,
          -0.0,
          -0.0,
          -0.0,
          -0.0,
          -0.0,
          -0.0,
          -0.0,
          -0.0
        ],
        [
          -0.0,
          -0.0,
          -0.0,
          -2.0,
          -0.0,
          -0.0,
          -0.0,
          -0.0,
          -0.0
        ],
        [
          -0.0,
          -0.0,
          -0.0,
          -0.0,
          -4.0,
          -0.0,
          -0.0,
          -0.0,
          -0.0
        ],
        [
          -0.0,
          -0.0,
          -0.0,
          -0.0,
          -0.0,
          -2.0,
          -0.0,
          -0.0,
          -0.0
        ],
        [
          -0.0,
          -0.0,
          -0.0,
          -0.0,
          -0.0,
          -0.0,
          -0.0,
          -0.0,
          -0.0
        ],
        [
          -0.0,
          -0.0,
          -0.0,
          -0.0,
          -0.0,
          -0.0,
          -0.0,
          -0.0,
          -0.0
        ],
        [
          -0.0,
          -0.0,
          -0.0,
          -0.0,
          -0.0,
          -0.0,
          -0.0,
          -0.0,
          -0.0
        ]
      ],
      "H4": [
        [
          0.0,
          0.0,
          0.0,
          0.0,
          0.0,
          0.0,
          0.0,
          0.0,
          0.0
        ],
        [
          0.0,
          0.0,
          0.0,
          0.0,
          0.0,
          0.0,
          0.0,
          0.0,
          0.0
        ],
        [
          0.0,
          0.0,
          0.0,
          0.0,
          0.0,
          0.0,
          0.0,
          0.0,
          0.0
        ],
        [
          0.0,
          0.0,
          0.0,
          2.0,
          -2.0,
          0.0,
          0.0,
          0.0,
          0.0
        ],
        [
          0.0,
          0.0,
          0.0,
          -2.0,
          12.0,
          -2.0,
          0.0,
          0.0,
          0.0
        ],
        [
          0.0,
          0.0,
          0.0,
          0.0,
          -2.0,
          2.0,
          0.0,
          0.0,
          0.0
        ],
        [
          0.0,
          0.0,
          0.0,
          0.0,
          0.0,
          0.0,
          0.0,
          0.0,
          0.0
        ],
        [
          0.0,
          0.0,
          0.0,
          0.0,
          0.0,
          0.0,
          0.0,
          0.0,
          0.0
        ],
        [
          0.0,
          0.0,
          0.0,
          0.0,
          0.0,
          0.0,
          0.0,
          0.0,
          0.0
        ]
      ],
      "canonical_polar_controls": [
        {
          "epsilon": 0.04,
          "fourth_coefficient_operator_error": 0.13747680610612364,
          "error_divided_by_epsilon_squared": 85.92300381632727
        },
        {
          "epsilon": 0.02,
          "fourth_coefficient_operator_error": 0.03472832917097201,
          "error_divided_by_epsilon_squared": 86.82082292743002
        },
        {
          "epsilon": 0.01,
          "fourth_coefficient_operator_error": 0.008704859839090317,
          "error_divided_by_epsilon_squared": 87.04859839090317
        }
      ]
    },
    {
      "model": "ring_S2",
      "dimension": 39,
      "P_dimension": 19,
      "two_hole_dimension": 4,
      "H2": [
        [
          -0.0,
          -0.0,
          -0.0,
          -0.0,
          -0.0,
          -0.0,
          -0.0,
          -0.0,
          -0.0,
          -0.0,
          -0.0,
          -0.0,
          -0.0,
          -0.0,
          -0.0,
          -0.0,
          -0.0,
          -0.0,
          -0.0
        ],
        [
          -0.0,
          -0.0,
          -0.0,
          -0.0,
          -0.0,
          -0.0,
          -0.0,
          -0.0,
          -0.0,
          -0.0,
          -0.0,
          -0.0,
          -0.0,
          -0.0,
          -0.0,
          -0.0,
          -0.0,
          -0.0,
          -0.0
        ],
        [
          -0.0,
          -0.0,
          -0.0,
          -0.0,
          -0.0,
          -0.0,
          -0.0,
          -0.0,
          -0.0,
          -0.0,
          -0.0,
          -0.0,
          -0.0,
          -0.0,
          -0.0,
          -0.0,
          -0.0,
          -0.0,
          -0.0
        ],
        [
          -0.0,
          -0.0,
          -0.0,
          -0.0,
          -0.0,
          -0.0,
          -0.0,
          -0.0,
          -0.0,
          -0.0,
          -0.0,
          -0.0,
          -0.0,
          -0.0,
          -0.0,
          -0.0,
          -0.0,
          -0.0,
          -0.0
        ],
        [
          -0.0,
          -0.0,
          -0.0,
          -0.0,
          -0.0,
          -0.0,
          -0.0,
          -0.0,
          -0.0,
          -0.0,
          -0.0,
          -0.0,
          -0.0,
          -0.0,
          -0.0,
          -0.0,
          -0.0,
          -0.0,
          -0.0
        ],
        [
          -0.0,
          -0.0,
          -0.0,
          -0.0,
          -0.0,
          -0.0,
          -0.0,
          -0.0,
          -0.0,
          -0.0,
          -0.0,
          -0.0,
          -0.0,
          -0.0,
          -0.0,
          -0.0,
          -0.0,
          -0.0,
          -0.0
        ],
        [
          -0.0,
          -0.0,
          -0.0,
          -0.0,
          -0.0,
          -0.0,
          -0.0,
          -0.0,
          -0.0,
          -0.0,
          -0.0,
          -0.0,
          -0.0,
          -0.0,
          -0.0,
          -0.0,
          -0.0,
          -0.0,
          -0.0
        ],
        [
          -0.0,
          -0.0,
          -0.0,
          -0.0,
          -0.0,
          -0.0,
          -0.0,
          -1.3333333333333333,
          -0.0,
          -0.0,
          -0.0,
          -0.0,
          -0.0,
          -0.0,
          -0.0,
          -0.0,
          -0.0,
          -0.0,
          -0.0
        ],
        [
          -0.0,
          -0.0,
          -0.0,
          -0.0,
          -0.0,
          -0.0,
          -0.0,
          -0.0,
          -3.3333333333333335,
          -0.0,
          -0.0,
          -0.0,
          -0.0,
          -0.0,
          -0.0,
          -0.0,
          -0.0,
          -0.0,
          -0.0
        ],
        [
          -0.0,
          -0.0,
          -0.0,
          -0.0,
          -0.0,
          -0.0,
          -0.0,
          -0.0,
          -0.0,
          -4.0,
          -0.0,
          -0.0,
          -0.0,
          -0.0,
          -0.0,
          -0.0,
          -0.0,
          -0.0,
          -0.0
        ],
        [
          -0.0,
          -0.0,
          -0.0,
          -0.0,
          -0.0,
          -0.0,
          -0.0,
          -0.0,
          -0.0,
          -0.0,
          -3.333333333333333,
          -0.0,
          -0.0,
          -0.0,
          -0.0,
          -0.0,
          -0.0,
          -0.0,
          -0.0
        ],
        [
          -0.0,
          -0.0,
          -0.0,
          -0.0,
          -0.0,
          -0.0,
          -0.0,
          -0.0,
          -0.0,
          -0.0,
          -0.0,
          -1.3333333333333333,
          -0.0,
          -0.0,
          -0.0,
          -0.0,
          -0.0,
          -0.0,
          -0.0
        ],
        [
          -0.0,
          -0.0,
          -0.0,
          -0.0,
          -0.0,
          -0.0,
          -0.0,
          -0.0,
          -0.0,
          -0.0,
          -0.0,
          -0.0,
          -0.0,
          -0.0,
          -0.0,
          -0.0,
          -0.0,
          -0.0,
          -0.0
        ],
        [
          -0.0,
          -0.0,
          -0.0,
          -0.0,
          -0.0,
          -0.0,
          -0.0,
          -0.0,
          -0.0,
          -0.0,
          -0.0,
          -0.0,
          -0.0,
          -0.0,
          -0.0,
          -0.0,
          -0.0,
          -0.0,
          -0.0
        ],
        [
          -0.0,
          -0.0,
          -0.0,
          -0.0,
          -0.0,
          -0.0,
          -0.0,
          -0.0,
          -0.0,
          -0.0,
          -0.0,
          -0.0,
          -0.0,
          -0.0,
          -0.0,
          -0.0,
          -0.0,
          -0.0,
          -0.0
        ],
        [
          -0.0,
          -0.0,
          -0.0,
          -0.0,
          -0.0,
          -0.0,
          -0.0,
          -0.0,
          -0.0,
          -0.0,
          -0.0,
          -0.0,
          -0.0,
          -0.0,
          -0.0,
          -0.0,
          -0.0,
          -0.0,
          -0.0
        ],
        [
          -0.0,
          -0.0,
          -0.0,
          -0.0,
          -0.0,
          -0.0,
          -0.0,
          -0.0,
          -0.0,
          -0.0,
          -0.0,
          -0.0,
          -0.0,
          -0.0,
          -0.0,
          -0.0,
          -0.0,
          -0.0,
          -0.0
        ],
        [
          -0.0,
          -0.0,
          -0.0,
          -0.0,
          -0.0,
          -0.0,
          -0.0,
          -0.0,
          -0.0,
          -0.0,
          -0.0,
          -0.0,
          -0.0,
          -0.0,
          -0.0,
          -0.0,
          -0.0,
          -0.0,
          -0.0
        ],
        [
          -0.0,
          -0.0,
          -0.0,
          -0.0,
          -0.0,
          -0.0,
          -0.0,
          -0.0,
          -0.0,
          -0.0,
          -0.0,
          -0.0,
          -0.0,
          -0.0,
          -0.0,
          -0.0,
          -0.0,
          -0.0,
          -0.0
        ]
      ],
      "H4": [
        [
          0.0,
          0.0,
          0.0,
          0.0,
          0.0,
          0.0,
          0.0,
          0.0,
          0.0,
          0.0,
          0.0,
          0.0,
          0.0,
          0.0,
          0.0,
          0.0,
          0.0,
          0.0,
          0.0
        ],
        [
          0.0,
          0.0,
          0.0,
          0.0,
          0.0,
          0.0,
          0.0,
          0.0,
          0.0,
          0.0,
          0.0,
          0.0,
          0.0,
          0.0,
          0.0,
          0.0,
          0.0,
          0.0,
          0.0
        ],
        [
          0.0,
          0.0,
          0.0,
          0.0,
          0.0,
          0.0,
          0.0,
          0.0,
          0.0,
          0.0,
          0.0,
          0.0,
          0.0,
          0.0,
          0.0,
          0.0,
          0.0,
          0.0,
          0.0
        ],
        [
          0.0,
          0.0,
          0.0,
          0.0,
          0.0,
          0.0,
          0.0,
          0.0,
          0.0,
          0.0,
          0.0,
          0.0,
          0.0,
          0.0,
          0.0,
          0.0,
          0.0,
          0.0,
          0.0
        ],
        [
          0.0,
          0.0,
          0.0,
          0.0,
          0.0,
          0.0,
          0.0,
          0.0,
          0.0,
          0.0,
          0.0,
          0.0,
          0.0,
          0.0,
          0.0,
          0.0,
          0.0,
          0.0,
          0.0
        ],
        [
          0.0,
          0.0,
          0.0,
          0.0,
          0.0,
          0.0,
          0.0,
          0.0,
          0.0,
          0.0,
          0.0,
          0.0,
          0.0,
          0.0,
          0.0,
          0.0,
          0.0,
          0.0,
          0.0
        ],
        [
          0.0,
          0.0,
          0.0,
          0.0,
          0.0,
          0.0,
          0.0,
          0.0,
          0.0,
          0.0,
          0.0,
          0.0,
          0.0,
          0.0,
          0.0,
          0.0,
          0.0,
          0.0,
          0.0
        ],
        [
          0.0,
          0.0,
          0.0,
          0.0,
          0.0,
          0.0,
          0.0,
          0.8888888888888888,
          -0.8888888888888888,
          0.0,
          0.0,
          0.0,
          0.0,
          0.0,
          0.0,
          0.0,
          0.0,
          0.0,
          0.0
        ],
        [
          0.0,
          0.0,
          0.0,
          0.0,
          0.0,
          0.0,
          0.0,
          -0.8888888888888888,
          8.222222222222223,
          -2.0,
          0.0,
          0.0,
          0.0,
          0.0,
          0.0,
          0.0,
          0.0,
          0.0,
          0.0
        ],
        [
          0.0,
          0.0,
          0.0,
          0.0,
          0.0,
          0.0,
          0.0,
          0.0,
          -2.0,
          12.0,
          -2.0,
          0.0,
          0.0,
          0.0,
          0.0,
          0.0,
          0.0,
          0.0,
          0.0
        ],
        [
          0.0,
          0.0,
          0.0,
          0.0,
          0.0,
          0.0,
          0.0,
          0.0,
          0.0,
          -2.0,
          8.22222222222222,
          -0.8888888888888888,
          0.0,
          0.0,
          0.0,
          0.0,
          0.0,
          0.0,
          0.0
        ],
        [
          0.0,
          0.0,
          0.0,
          0.0,
          0.0,
          0.0,
          0.0,
          0.0,
          0.0,
          0.0,
          -0.8888888888888888,
          0.8888888888888888,
          0.0,
          0.0,
          0.0,
          0.0,
          0.0,
          0.0,
          0.0
        ],
        [
          0.0,
          0.0,
          0.0,
          0.0,
          0.0,
          0.0,
          0.0,
          0.0,
          0.0,
          0.0,
          0.0,
          0.0,
          0.0,
          0.0,
          0.0,
          0.0,
          0.0,
          0.0,
          0.0
        ],
        [
          0.0,
          0.0,
          0.0,
          0.0,
          0.0,
          0.0,
          0.0,
          0.0,
          0.0,
          0.0,
          0.0,
          0.0,
          0.0,
          0.0,
          0.0,
          0.0,
          0.0,
          0.0,
          0.0
        ],
        [
          0.0,
          0.0,
          0.0,
          0.0,
          0.0,
          0.0,
          0.0,
          0.0,
          0.0,
          0.0,
          0.0,
          0.0,
          0.0,
          0.0,
          0.0,
          0.0,
          0.0,
          0.0,
          0.0
        ],
        [
          0.0,
          0.0,
          0.0,
          0.0,
          0.0,
          0.0,
          0.0,
          0.0,
          0.0,
          0.0,
          0.0,
          0.0,
          0.0,
          0.0,
          0.0,
          0.0,
          0.0,
          0.0,
          0.0
        ],
        [
          0.0,
          0.0,
          0.0,
          0.0,
          0.0,
          0.0,
          0.0,
          0.0,
          0.0,
          0.0,
          0.0,
          0.0,
          0.0,
          0.0,
          0.0,
          0.0,
          0.0,
          0.0,
          0.0
        ],
        [
          0.0,
          0.0,
          0.0,
          0.0,
          0.0,
          0.0,
          0.0,
          0.0,
          0.0,
          0.0,
          0.0,
          0.0,
          0.0,
          0.0,
          0.0,
          0.0,
          0.0,
          0.0,
          0.0
        ],
        [
          0.0,
          0.0,
          0.0,
          0.0,
          0.0,
          0.0,
          0.0,
          0.0,
          0.0,
          0.0,
          0.0,
          0.0,
          0.0,
          0.0,
          0.0,
          0.0,
          0.0,
          0.0,
          0.0
        ]
      ],
      "canonical_polar_controls": [
        {
          "epsilon": 0.04,
          "fourth_coefficient_operator_error": 0.15458717784464296,
          "error_divided_by_epsilon_squared": 96.61698615290184
        },
        {
          "epsilon": 0.02,
          "fourth_coefficient_operator_error": 0.0390676332479718,
          "error_divided_by_epsilon_squared": 97.6690831199295
        },
        {
          "epsilon": 0.01,
          "fourth_coefficient_operator_error": 0.009793613865081529,
          "error_divided_by_epsilon_squared": 97.93613865081528
        }
      ]
    }
  ],
  "full_density_comparisons": [
    {
      "model": "star_4",
      "epsilon": 0.2,
      "instrument": "coherent",
      "time": 0,
      "trace_norm_error": 0.0,
      "error_divided_by_epsilon": 0.0,
      "counts": {
        "0": {
          "microscopic": 1.0,
          "target": 1.0
        },
        "1": {
          "microscopic": 0.0,
          "target": 0.0
        },
        "2": {
          "microscopic": 0.0,
          "target": 0.0
        }
      }
    },
    {
      "model": "star_4",
      "epsilon": 0.2,
      "instrument": "coherent",
      "time": 0.05,
      "trace_norm_error": 0.5817671292118067,
      "error_divided_by_epsilon": 2.9088356460590337,
      "counts": {
        "0": {
          "microscopic": 0.5044936927385549,
          "target": 0.4317105234290798
        },
        "1": {
          "microscopic": 0.4409144655140931,
          "target": 0.5080245789448408
        },
        "2": {
          "microscopic": 0.05459184174737737,
          "target": 0.06026489762607967
        }
      }
    },
    {
      "model": "star_4",
      "epsilon": 0.2,
      "instrument": "coherent",
      "time": 0.1,
      "trace_norm_error": 0.5156894635733827,
      "error_divided_by_epsilon": 2.5784473178669134,
      "counts": {
        "0": {
          "microscopic": 0.2827174832227867,
          "target": 0.18637397603941
        },
        "1": {
          "microscopic": 0.5790578064643237,
          "target": 0.6437412673207872
        },
        "2": {
          "microscopic": 0.13822471031292013,
          "target": 0.16988475663980293
        }
      }
    },
    {
      "model": "star_4",
      "epsilon": 0.2,
      "instrument": "resolved",
      "time": 0,
      "trace_norm_error": 0.0,
      "error_divided_by_epsilon": 0.0,
      "counts": {
        "0": {
          "microscopic": 1.0,
          "target": 1.0
        },
        "1": {
          "microscopic": 0.0,
          "target": 0.0
        },
        "2": {
          "microscopic": 0.0,
          "target": 0.0
        }
      }
    },
    {
      "model": "star_4",
      "epsilon": 0.2,
      "instrument": "resolved",
      "time": 0.05,
      "trace_norm_error": 0.5448959320282554,
      "error_divided_by_epsilon": 2.724479660141277,
      "counts": {
        "0": {
          "microscopic": 0.5044936927385549,
          "target": 0.4317105234290798
        },
        "1": {
          "microscopic": 0.44163880642725273,
          "target": 0.5080586474498445
        },
        "2": {
          "microscopic": 0.05386750083422216,
          "target": 0.06023082912107572
        }
      }
    },
    {
      "model": "star_4",
      "epsilon": 0.2,
      "instrument": "resolved",
      "time": 0.1,
      "trace_norm_error": 0.49098685772661044,
      "error_divided_by_epsilon": 2.454934288633052,
      "counts": {
        "0": {
          "microscopic": 0.2827174832227867,
          "target": 0.18637397603941
        },
        "1": {
          "microscopic": 0.5812214777709768,
          "target": 0.6441330927249684
        },
        "2": {
          "microscopic": 0.1360610390062725,
          "target": 0.16949293123562154
        }
      }
    },
    {
      "model": "star_4",
      "epsilon": 0.1,
      "instrument": "coherent",
      "time": 0,
      "trace_norm_error": 0.0,
      "error_divided_by_epsilon": 0.0,
      "counts": {
        "0": {
          "microscopic": 1.0,
          "target": 1.0
        },
        "1": {
          "microscopic": 0.0,
          "target": 0.0
        },
        "2": {
          "microscopic": 0.0,
          "target": 0.0
        }
      }
    },
    {
      "model": "star_4",
      "epsilon": 0.1,
      "instrument": "coherent",
      "time": 0.05,
      "trace_norm_error": 0.30860566752273155,
      "error_divided_by_epsilon": 3.0860566752273155,
      "counts": {
        "0": {
          "microscopic": 0.4551074448655268,
          "target": 0.43171052342907973
        },
        "1": {
          "microscopic": 0.48152206456279395,
          "target": 0.5080245789448407
        },
        "2": {
          "microscopic": 0.06337049057168738,
          "target": 0.060264897626079686
        }
      }
    },
    {
      "model": "star_4",
      "epsilon": 0.1,
      "instrument": "coherent",
      "time": 0.1,
      "trace_norm_error": 0.24831391520820448,
      "error_divided_by_epsilon": 2.4831391520820447,
      "counts": {
        "0": {
          "microscopic": 0.21479625884791256,
          "target": 0.18637397603940994
        },
        "1": {
          "microscopic": 0.6230488236707348,
          "target": 0.6437412673207876
        },
        "2": {
          "microscopic": 0.16215491748136066,
          "target": 0.169884756639803
        }
      }
    },
    {
      "model": "star_4",
      "epsilon": 0.1,
      "instrument": "resolved",
      "time": 0,
      "trace_norm_error": 0.0,
      "error_divided_by_epsilon": 0.0,
      "counts": {
        "0": {
          "microscopic": 1.0,
          "target": 1.0
        },
        "1": {
          "microscopic": 0.0,
          "target": 0.0
        },
        "2": {
          "microscopic": 0.0,
          "target": 0.0
        }
      }
    },
    {
      "model": "star_4",
      "epsilon": 0.1,
      "instrument": "resolved",
      "time": 0.05,
      "trace_norm_error": 0.3020883041364202,
      "error_divided_by_epsilon": 3.020883041364202,
      "counts": {
        "0": {
          "microscopic": 0.4551074448655268,
          "target": 0.43171052342907973
        },
        "1": {
          "microscopic": 0.48171655615755743,
          "target": 0.5080586474498449
        },
        "2": {
          "microscopic": 0.06317599897692361,
          "target": 0.060230829121075746
        }
      }
    },
    {
      "model": "star_4",
      "epsilon": 0.1,
      "instrument": "resolved",
      "time": 0.1,
      "trace_norm_error": 0.24010817142175828,
      "error_divided_by_epsilon": 2.4010817142175824,
      "counts": {
        "0": {
          "microscopic": 0.21479625884791256,
          "target": 0.18637397603940994
        },
        "1": {
          "microscopic": 0.6239695875529659,
          "target": 0.6441330927249693
        },
        "2": {
          "microscopic": 0.16123415359912818,
          "target": 0.1694929312356216
        }
      }
    },
    {
      "model": "star_4",
      "epsilon": 0.075,
      "instrument": "coherent",
      "time": 0,
      "trace_norm_error": 0.0,
      "error_divided_by_epsilon": 0.0,
      "counts": {
        "0": {
          "microscopic": 1.0,
          "target": 1.0
        },
        "1": {
          "microscopic": 0.0,
          "target": 0.0
        },
        "2": {
          "microscopic": 0.0,
          "target": 0.0
        }
      }
    },
    {
      "model": "star_4",
      "epsilon": 0.075,
      "instrument": "coherent",
      "time": 0.05,
      "trace_norm_error": 0.23385851618768447,
      "error_divided_by_epsilon": 3.1181135491691263,
      "counts": {
        "0": {
          "microscopic": 0.44552971036053474,
          "target": 0.43171052342907945
        },
        "1": {
          "microscopic": 0.4918797347349162,
          "target": 0.5080245789448409
        },
        "2": {
          "microscopic": 0.06259055490449439,
          "target": 0.06026489762607976
        }
      }
    },
    {
      "model": "star_4",
      "epsilon": 0.075,
      "instrument": "coherent",
      "time": 0.1,
      "trace_norm_error": 0.1844484075601966,
      "error_divided_by_epsilon": 2.4593121008026215,
      "counts": {
        "0": {
          "microscopic": 0.20277098059035453,
          "target": 0.18637397603940986
        },
        "1": {
          "microscopic": 0.631805941708725,
          "target": 0.6437412673207874
        },
        "2": {
          "microscopic": 0.16542307770086961,
          "target": 0.1698847566398031
        }
      }
    },
    {
      "model": "star_4",
      "epsilon": 0.075,
      "instrument": "resolved",
      "time": 0,
      "trace_norm_error": 0.0,
      "error_divided_by_epsilon": 0.0,
      "counts": {
        "0": {
          "microscopic": 1.0,
          "target": 1.0
        },
        "1": {
          "microscopic": 0.0,
          "target": 0.0
        },
        "2": {
          "microscopic": 0.0,
          "target": 0.0
        }
      }
    },
    {
      "model": "star_4",
      "epsilon": 0.075,
      "instrument": "resolved",
      "time": 0.05,
      "trace_norm_error": 0.22933601713791896,
      "error_divided_by_epsilon": 3.0578135618389197,
      "counts": {
        "0": {
          "microscopic": 0.44552971036055056,
          "target": 0.43171052342907945
        },
        "1": {
          "microscopic": 0.49199508305298606,
          "target": 0.508058647449845
        },
        "2": {
          "microscopic": 0.06247520658646086,
          "target": 0.060230829121075774
        }
      }
    },
    {
      "model": "star_4",
      "epsilon": 0.075,
      "instrument": "resolved",
      "time": 0.1,
      "trace_norm_error": 0.17835976572625722,
      "error_divided_by_epsilon": 2.37813020968343,
      "counts": {
        "0": {
          "microscopic": 0.2027709805903611,
          "target": 0.18637397603940986
        },
        "1": {
          "microscopic": 0.63249598893778,
          "target": 0.6441330927249687
        },
        "2": {
          "microscopic": 0.16473303047186125,
          "target": 0.1694929312356217
        }
      }
    },
    {
      "model": "two_A_path",
      "epsilon": 0.2,
      "instrument": "coherent",
      "time": 0,
      "trace_norm_error": 0.0,
      "error_divided_by_epsilon": 0.0,
      "counts": {
        "0": {
          "microscopic": 1.0,
          "target": 1.0
        },
        "1": {
          "microscopic": 0.0,
          "target": 0.0
        }
      }
    },
    {
      "model": "two_A_path",
      "epsilon": 0.2,
      "instrument": "coherent",
      "time": 0.05,
      "trace_norm_error": 0.7220186919533467,
      "error_divided_by_epsilon": 3.610093459766733,
      "counts": {
        "0": {
          "microscopic": 0.8444693309336521,
          "target": 0.8693582353988057
        },
        "1": {
          "microscopic": 0.15553066906635094,
          "target": 0.13064176460119417
        }
      }
    },
    {
      "model": "two_A_path",
      "epsilon": 0.2,
      "instrument": "coherent",
      "time": 0.1,
      "trace_norm_error": 0.6058274983640266,
      "error_divided_by_epsilon": 3.029137491820133,
      "counts": {
        "0": {
          "microscopic": 0.743279930670502,
          "target": 0.7557837414557255
        },
        "1": {
          "microscopic": 0.25672006932950137,
          "target": 0.24421625854427456
        }
      }
    },
    {
      "model": "two_A_path",
      "epsilon": 0.2,
      "instrument": "resolved",
      "time": 0,
      "trace_norm_error": 0.0,
      "error_divided_by_epsilon": 0.0,
      "counts": {
        "0": {
          "microscopic": 1.0,
          "target": 1.0
        },
        "1": {
          "microscopic": 0.0,
          "target": 0.0
        }
      }
    },
    {
      "model": "two_A_path",
      "epsilon": 0.2,
      "instrument": "resolved",
      "time": 0.05,
      "trace_norm_error": 0.7217813894171625,
      "error_divided_by_epsilon": 3.6089069470858126,
      "counts": {
        "0": {
          "microscopic": 0.8444693309336521,
          "target": 0.8693582353988057
        },
        "1": {
          "microscopic": 0.15553066906635094,
          "target": 0.13064176460119417
        }
      }
    },
    {
      "model": "two_A_path",
      "epsilon": 0.2,
      "instrument": "resolved",
      "time": 0.1,
      "trace_norm_error": 0.5955542559315403,
      "error_divided_by_epsilon": 2.9777712796577016,
      "counts": {
        "0": {
          "microscopic": 0.743279930670502,
          "target": 0.7557837414557255
        },
        "1": {
          "microscopic": 0.25672006932950137,
          "target": 0.24421625854427456
        }
      }
    },
    {
      "model": "two_A_path",
      "epsilon": 0.1,
      "instrument": "coherent",
      "time": 0,
      "trace_norm_error": 0.0,
      "error_divided_by_epsilon": 0.0,
      "counts": {
        "0": {
          "microscopic": 1.0,
          "target": 1.0
        },
        "1": {
          "microscopic": 0.0,
          "target": 0.0
        }
      }
    },
    {
      "model": "two_A_path",
      "epsilon": 0.1,
      "instrument": "coherent",
      "time": 0.05,
      "trace_norm_error": 0.30986367794718583,
      "error_divided_by_epsilon": 3.098636779471858,
      "counts": {
        "0": {
          "microscopic": 0.8541095319492106,
          "target": 0.8693582353988061
        },
        "1": {
          "microscopic": 0.14589046805078618,
          "target": 0.13064176460119423
        }
      }
    },
    {
      "model": "two_A_path",
      "epsilon": 0.1,
      "instrument": "coherent",
      "time": 0.1,
      "trace_norm_error": 0.2614035692779644,
      "error_divided_by_epsilon": 2.6140356927796438,
      "counts": {
        "0": {
          "microscopic": 0.7500258017421239,
          "target": 0.7557837414557256
        },
        "1": {
          "microscopic": 0.24997419825786016,
          "target": 0.24421625854427462
        }
      }
    },
    {
      "model": "two_A_path",
      "epsilon": 0.1,
      "instrument": "resolved",
      "time": 0,
      "trace_norm_error": 0.0,
      "error_divided_by_epsilon": 0.0,
      "counts": {
        "0": {
          "microscopic": 1.0,
          "target": 1.0
        },
        "1": {
          "microscopic": 0.0,
          "target": 0.0
        }
      }
    },
    {
      "model": "two_A_path",
      "epsilon": 0.1,
      "instrument": "resolved",
      "time": 0.05,
      "trace_norm_error": 0.3098636779471857,
      "error_divided_by_epsilon": 3.0986367794718572,
      "counts": {
        "0": {
          "microscopic": 0.8541095319492106,
          "target": 0.8693582353988061
        },
        "1": {
          "microscopic": 0.14589046805078618,
          "target": 0.13064176460119423
        }
      }
    },
    {
      "model": "two_A_path",
      "epsilon": 0.1,
      "instrument": "resolved",
      "time": 0.1,
      "trace_norm_error": 0.25957537425760435,
      "error_divided_by_epsilon": 2.5957537425760435,
      "counts": {
        "0": {
          "microscopic": 0.7500258017421239,
          "target": 0.7557837414557256
        },
        "1": {
          "microscopic": 0.24997419825786016,
          "target": 0.24421625854427462
        }
      }
    },
    {
      "model": "two_A_path",
      "epsilon": 0.075,
      "instrument": "coherent",
      "time": 0,
      "trace_norm_error": 0.0,
      "error_divided_by_epsilon": 0.0,
      "counts": {
        "0": {
          "microscopic": 1.0,
          "target": 1.0
        },
        "1": {
          "microscopic": 0.0,
          "target": 0.0
        }
      }
    },
    {
      "model": "two_A_path",
      "epsilon": 0.075,
      "instrument": "coherent",
      "time": 0.05,
      "trace_norm_error": 0.23178684676545674,
      "error_divided_by_epsilon": 3.09049129020609,
      "counts": {
        "0": {
          "microscopic": 0.8604521352821978,
          "target": 0.8693582353988061
        },
        "1": {
          "microscopic": 0.1395478647177847,
          "target": 0.13064176460119423
        }
      }
    },
    {
      "model": "two_A_path",
      "epsilon": 0.075,
      "instrument": "coherent",
      "time": 0.1,
      "trace_norm_error": 0.1968443229546355,
      "error_divided_by_epsilon": 2.6245909727284733,
      "counts": {
        "0": {
          "microscopic": 0.7525437240745657,
          "target": 0.7557837414557259
        },
        "1": {
          "microscopic": 0.24745627592540717,
          "target": 0.24421625854427473
        }
      }
    },
    {
      "model": "two_A_path",
      "epsilon": 0.075,
      "instrument": "resolved",
      "time": 0,
      "trace_norm_error": 0.0,
      "error_divided_by_epsilon": 0.0,
      "counts": {
        "0": {
          "microscopic": 1.0,
          "target": 1.0
        },
        "1": {
          "microscopic": 0.0,
          "target": 0.0
        }
      }
    },
    {
      "model": "two_A_path",
      "epsilon": 0.075,
      "instrument": "resolved",
      "time": 0.05,
      "trace_norm_error": 0.23178684676545674,
      "error_divided_by_epsilon": 3.09049129020609,
      "counts": {
        "0": {
          "microscopic": 0.8604521352821978,
          "target": 0.8693582353988061
        },
        "1": {
          "microscopic": 0.1395478647177847,
          "target": 0.13064176460119423
        }
      }
    },
    {
      "model": "two_A_path",
      "epsilon": 0.075,
      "instrument": "resolved",
      "time": 0.1,
      "trace_norm_error": 0.19577496470467115,
      "error_divided_by_epsilon": 2.610332862728949,
      "counts": {
        "0": {
          "microscopic": 0.7525437240745657,
          "target": 0.7557837414557259
        },
        "1": {
          "microscopic": 0.24745627592540717,
          "target": 0.24421625854427473
        }
      }
    },
    {
      "model": "ring_S1",
      "epsilon": 0.2,
      "instrument": "coherent",
      "time": 0,
      "trace_norm_error": 0.0,
      "error_divided_by_epsilon": 0.0,
      "counts": {
        "0": {
          "microscopic": 0.9999999999999998,
          "target": 0.9999999999999998
        },
        "1": {
          "microscopic": 0.0,
          "target": 0.0
        }
      }
    },
    {
      "model": "ring_S1",
      "epsilon": 0.2,
      "instrument": "coherent",
      "time": 0.05,
      "trace_norm_error": 0.5628328235510112,
      "error_divided_by_epsilon": 2.814164117755056,
      "counts": {
        "0": {
          "microscopic": 0.8294275015337559,
          "target": 0.8373858392706429
        },
        "1": {
          "microscopic": 0.17057249846624437,
          "target": 0.1626141607293569
        }
      }
    },
    {
      "model": "ring_S1",
      "epsilon": 0.2,
      "instrument": "coherent",
      "time": 0.1,
      "trace_norm_error": 0.6494026029887071,
      "error_divided_by_epsilon": 3.2470130149435352,
      "counts": {
        "0": {
          "microscopic": 0.7122586542964044,
          "target": 0.7039565488249557
        },
        "1": {
          "microscopic": 0.287741345703594,
          "target": 0.29604345117504405
        }
      }
    },
    {
      "model": "ring_S1",
      "epsilon": 0.2,
      "instrument": "resolved",
      "time": 0,
      "trace_norm_error": 0.0,
      "error_divided_by_epsilon": 0.0,
      "counts": {
        "0": {
          "microscopic": 0.9999999999999998,
          "target": 0.9999999999999998
        },
        "1": {
          "microscopic": 0.0,
          "target": 0.0
        }
      }
    },
    {
      "model": "ring_S1",
      "epsilon": 0.2,
      "instrument": "resolved",
      "time": 0.05,
      "trace_norm_error": 0.5531322789143189,
      "error_divided_by_epsilon": 2.7656613945715947,
      "counts": {
        "0": {
          "microscopic": 0.8294275015337559,
          "target": 0.8373858392706429
        },
        "1": {
          "microscopic": 0.17057249846624437,
          "target": 0.1626141607293569
        }
      }
    },
    {
      "model": "ring_S1",
      "epsilon": 0.2,
      "instrument": "resolved",
      "time": 0.1,
      "trace_norm_error": 0.6383757274537325,
      "error_divided_by_epsilon": 3.1918786372686623,
      "counts": {
        "0": {
          "microscopic": 0.7122586542964044,
          "target": 0.7039565488249557
        },
        "1": {
          "microscopic": 0.287741345703594,
          "target": 0.2960434511750441
        }
      }
    },
    {
      "model": "ring_S1",
      "epsilon": 0.1,
      "instrument": "coherent",
      "time": 0,
      "trace_norm_error": 0.0,
      "error_divided_by_epsilon": 0.0,
      "counts": {
        "0": {
          "microscopic": 0.9999999999999998,
          "target": 0.9999999999999998
        },
        "1": {
          "microscopic": 0.0,
          "target": 0.0
        }
      }
    },
    {
      "model": "ring_S1",
      "epsilon": 0.1,
      "instrument": "coherent",
      "time": 0.05,
      "trace_norm_error": 0.30431183683546703,
      "error_divided_by_epsilon": 3.04311836835467,
      "counts": {
        "0": {
          "microscopic": 0.8304343253016871,
          "target": 0.8422169378439694
        },
        "1": {
          "microscopic": 0.1695656746983092,
          "target": 0.15778306215603008
        }
      }
    },
    {
      "model": "ring_S1",
      "epsilon": 0.1,
      "instrument": "coherent",
      "time": 0.1,
      "trace_norm_error": 0.2652040122589707,
      "error_divided_by_epsilon": 2.6520401225897072,
      "counts": {
        "0": {
          "microscopic": 0.7152245325886054,
          "target": 0.7171200906302676
        },
        "1": {
          "microscopic": 0.284775467411394,
          "target": 0.2828799093697321
        }
      }
    },
    {
      "model": "ring_S1",
      "epsilon": 0.1,
      "instrument": "resolved",
      "time": 0,
      "trace_norm_error": 0.0,
      "error_divided_by_epsilon": 0.0,
      "counts": {
        "0": {
          "microscopic": 0.9999999999999998,
          "target": 0.9999999999999998
        },
        "1": {
          "microscopic": 0.0,
          "target": 0.0
        }
      }
    },
    {
      "model": "ring_S1",
      "epsilon": 0.1,
      "instrument": "resolved",
      "time": 0.05,
      "trace_norm_error": 0.29918123976487576,
      "error_divided_by_epsilon": 2.9918123976487574,
      "counts": {
        "0": {
          "microscopic": 0.8304343253016871,
          "target": 0.8422169378439694
        },
        "1": {
          "microscopic": 0.1695656746983092,
          "target": 0.15778306215603013
        }
      }
    },
    {
      "model": "ring_S1",
      "epsilon": 0.1,
      "instrument": "resolved",
      "time": 0.1,
      "trace_norm_error": 0.2613439304117019,
      "error_divided_by_epsilon": 2.6134393041170187,
      "counts": {
        "0": {
          "microscopic": 0.7152245325886054,
          "target": 0.7171200906302675
        },
        "1": {
          "microscopic": 0.284775467411394,
          "target": 0.2828799093697322
        }
      }
    },
    {
      "model": "ring_S1",
      "epsilon": 0.075,
      "instrument": "coherent",
      "time": 0,
      "trace_norm_error": 0.0,
      "error_divided_by_epsilon": 0.0,
      "counts": {
        "0": {
          "microscopic": 0.9999999999999998,
          "target": 0.9999999999999998
        },
        "1": {
          "microscopic": 0.0,
          "target": 0.0
        }
      }
    },
    {
      "model": "ring_S1",
      "epsilon": 0.075,
      "instrument": "coherent",
      "time": 0.05,
      "trace_norm_error": 0.2212671297768365,
      "error_divided_by_epsilon": 2.9502283970244867,
      "counts": {
        "0": {
          "microscopic": 0.8361391267442558,
          "target": 0.8430513331417893
        },
        "1": {
          "microscopic": 0.16386087325575646,
          "target": 0.156948666858211
        }
      }
    },
    {
      "model": "ring_S1",
      "epsilon": 0.075,
      "instrument": "coherent",
      "time": 0.1,
      "trace_norm_error": 0.1934254265389208,
      "error_divided_by_epsilon": 2.579005687185611,
      "counts": {
        "0": {
          "microscopic": 0.7175228304558681,
          "target": 0.7185961799949443
        },
        "1": {
          "microscopic": 0.28247716954415275,
          "target": 0.2814038200050565
        }
      }
    },
    {
      "model": "ring_S1",
      "epsilon": 0.075,
      "instrument": "resolved",
      "time": 0,
      "trace_norm_error": 0.0,
      "error_divided_by_epsilon": 0.0,
      "counts": {
        "0": {
          "microscopic": 0.9999999999999998,
          "target": 0.9999999999999998
        },
        "1": {
          "microscopic": 0.0,
          "target": 0.0
        }
      }
    },
    {
      "model": "ring_S1",
      "epsilon": 0.075,
      "instrument": "resolved",
      "time": 0.05,
      "trace_norm_error": 0.21832730077224935,
      "error_divided_by_epsilon": 2.9110306769633247,
      "counts": {
        "0": {
          "microscopic": 0.8361391267442558,
          "target": 0.8430513331417893
        },
        "1": {
          "microscopic": 0.16386087325575646,
          "target": 0.156948666858211
        }
      }
    },
    {
      "model": "ring_S1",
      "epsilon": 0.075,
      "instrument": "resolved",
      "time": 0.1,
      "trace_norm_error": 0.19127713278213748,
      "error_divided_by_epsilon": 2.5503617704284998,
      "counts": {
        "0": {
          "microscopic": 0.7175228304558681,
          "target": 0.7185961799949445
        },
        "1": {
          "microscopic": 0.28247716954415275,
          "target": 0.2814038200050564
        }
      }
    },
    {
      "model": "ring_S2",
      "epsilon": 0.2,
      "instrument": "coherent",
      "time": 0,
      "trace_norm_error": 0.0,
      "error_divided_by_epsilon": 0.0,
      "counts": {
        "0": {
          "microscopic": 0.9999999999999998,
          "target": 0.9999999999999998
        },
        "1": {
          "microscopic": 0.0,
          "target": 0.0
        }
      }
    },
    {
      "model": "ring_S2",
      "epsilon": 0.2,
      "instrument": "coherent",
      "time": 0.05,
      "trace_norm_error": 0.6738746105392754,
      "error_divided_by_epsilon": 3.369373052696377,
      "counts": {
        "0": {
          "microscopic": 0.7811805886162622,
          "target": 0.7885914871011699
        },
        "1": {
          "microscopic": 0.21881941138373795,
          "target": 0.2114085128988299
        }
      }
    },
    {
      "model": "ring_S2",
      "epsilon": 0.2,
      "instrument": "coherent",
      "time": 0.1,
      "trace_norm_error": 0.6877058430406798,
      "error_divided_by_epsilon": 3.438529215203399,
      "counts": {
        "0": {
          "microscopic": 0.6360103334326298,
          "target": 0.6190305610151655
        },
        "1": {
          "microscopic": 0.3639896665673686,
          "target": 0.3809694389848344
        }
      }
    },
    {
      "model": "ring_S2",
      "epsilon": 0.2,
      "instrument": "resolved",
      "time": 0,
      "trace_norm_error": 0.0,
      "error_divided_by_epsilon": 0.0,
      "counts": {
        "0": {
          "microscopic": 0.9999999999999998,
          "target": 0.9999999999999998
        },
        "1": {
          "microscopic": 0.0,
          "target": 0.0
        }
      }
    },
    {
      "model": "ring_S2",
      "epsilon": 0.2,
      "instrument": "resolved",
      "time": 0.05,
      "trace_norm_error": 0.663789376786913,
      "error_divided_by_epsilon": 3.3189468839345646,
      "counts": {
        "0": {
          "microscopic": 0.781180588616259,
          "target": 0.7885914871011699
        },
        "1": {
          "microscopic": 0.21881941138374109,
          "target": 0.2114085128988299
        }
      }
    },
    {
      "model": "ring_S2",
      "epsilon": 0.2,
      "instrument": "resolved",
      "time": 0.1,
      "trace_norm_error": 0.6750710226420706,
      "error_divided_by_epsilon": 3.375355113210353,
      "counts": {
        "0": {
          "microscopic": 0.6360103334326261,
          "target": 0.6190305610151655
        },
        "1": {
          "microscopic": 0.3639896665673754,
          "target": 0.3809694389848344
        }
      }
    },
    {
      "model": "ring_S2",
      "epsilon": 0.1,
      "instrument": "coherent",
      "time": 0,
      "trace_norm_error": 0.0,
      "error_divided_by_epsilon": 0.0,
      "counts": {
        "0": {
          "microscopic": 0.9999999999999998,
          "target": 0.9999999999999998
        },
        "1": {
          "microscopic": 0.0,
          "target": 0.0
        }
      }
    },
    {
      "model": "ring_S2",
      "epsilon": 0.1,
      "instrument": "coherent",
      "time": 0.05,
      "trace_norm_error": 0.3110815469000985,
      "error_divided_by_epsilon": 3.110815469000985,
      "counts": {
        "0": {
          "microscopic": 0.7767598493594546,
          "target": 0.7870632441762835
        },
        "1": {
          "microscopic": 0.22324015064054145,
          "target": 0.2129367558237163
        }
      }
    },
    {
      "model": "ring_S2",
      "epsilon": 0.1,
      "instrument": "coherent",
      "time": 0.1,
      "trace_norm_error": 0.26450920907611253,
      "error_divided_by_epsilon": 2.6450920907611253,
      "counts": {
        "0": {
          "microscopic": 0.6248419667255575,
          "target": 0.6216171143629904
        },
        "1": {
          "microscopic": 0.3751580332744356,
          "target": 0.3783828856370095
        }
      }
    },
    {
      "model": "ring_S2",
      "epsilon": 0.1,
      "instrument": "resolved",
      "time": 0,
      "trace_norm_error": 0.0,
      "error_divided_by_epsilon": 0.0,
      "counts": {
        "0": {
          "microscopic": 0.9999999999999998,
          "target": 0.9999999999999998
        },
        "1": {
          "microscopic": 0.0,
          "target": 0.0
        }
      }
    },
    {
      "model": "ring_S2",
      "epsilon": 0.1,
      "instrument": "resolved",
      "time": 0.05,
      "trace_norm_error": 0.30970544170641406,
      "error_divided_by_epsilon": 3.0970544170641405,
      "counts": {
        "0": {
          "microscopic": 0.7767598493594581,
          "target": 0.7870632441762835
        },
        "1": {
          "microscopic": 0.22324015064054153,
          "target": 0.2129367558237163
        }
      }
    },
    {
      "model": "ring_S2",
      "epsilon": 0.1,
      "instrument": "resolved",
      "time": 0.1,
      "trace_norm_error": 0.26006576098624146,
      "error_divided_by_epsilon": 2.6006576098624143,
      "counts": {
        "0": {
          "microscopic": 0.6248419667255594,
          "target": 0.6216171143629903
        },
        "1": {
          "microscopic": 0.3751580332744387,
          "target": 0.3783828856370095
        }
      }
    },
    {
      "model": "ring_S2",
      "epsilon": 0.075,
      "instrument": "coherent",
      "time": 0,
      "trace_norm_error": 0.0,
      "error_divided_by_epsilon": 0.0,
      "counts": {
        "0": {
          "microscopic": 0.9999999999999998,
          "target": 0.9999999999999998
        },
        "1": {
          "microscopic": 0.0,
          "target": 0.0
        }
      }
    },
    {
      "model": "ring_S2",
      "epsilon": 0.075,
      "instrument": "coherent",
      "time": 0.05,
      "trace_norm_error": 0.23699552449743222,
      "error_divided_by_epsilon": 3.1599403266324297,
      "counts": {
        "0": {
          "microscopic": 0.7820243267452892,
          "target": 0.7885270991018906
        },
        "1": {
          "microscopic": 0.21797567325469505,
          "target": 0.21147290089810855
        }
      }
    },
    {
      "model": "ring_S2",
      "epsilon": 0.075,
      "instrument": "coherent",
      "time": 0.1,
      "trace_norm_error": 0.1957204658425371,
      "error_divided_by_epsilon": 2.609606211233828,
      "counts": {
        "0": {
          "microscopic": 0.6248383127487267,
          "target": 0.6227706555563343
        },
        "1": {
          "microscopic": 0.3751616872512413,
          "target": 0.37722934444366524
        }
      }
    },
    {
      "model": "ring_S2",
      "epsilon": 0.075,
      "instrument": "resolved",
      "time": 0,
      "trace_norm_error": 0.0,
      "error_divided_by_epsilon": 0.0,
      "counts": {
        "0": {
          "microscopic": 0.9999999999999998,
          "target": 0.9999999999999998
        },
        "1": {
          "microscopic": 0.0,
          "target": 0.0
        }
      }
    },
    {
      "model": "ring_S2",
      "epsilon": 0.075,
      "instrument": "resolved",
      "time": 0.05,
      "trace_norm_error": 0.23625666792720373,
      "error_divided_by_epsilon": 3.15008890569605,
      "counts": {
        "0": {
          "microscopic": 0.782024326745286,
          "target": 0.7885270991018906
        },
        "1": {
          "microscopic": 0.21797567325469608,
          "target": 0.21147290089810855
        }
      }
    },
    {
      "model": "ring_S2",
      "epsilon": 0.075,
      "instrument": "resolved",
      "time": 0.1,
      "trace_norm_error": 0.19324635838194298,
      "error_divided_by_epsilon": 2.57661811175924,
      "counts": {
        "0": {
          "microscopic": 0.6248383127487251,
          "target": 0.6227706555563343
        },
        "1": {
          "microscopic": 0.3751616872512424,
          "target": 0.37722934444366524
        }
      }
    }
  ],
  "first_event_loop_controls": [
    {
      "model": "ring_S1",
      "loop_fields": [
        -1,
        0,
        1
      ],
      "initial_sector_H2": [
        [
          -2.0,
          -0.0,
          -0.0
        ],
        [
          -0.0,
          -4.0,
          -0.0
        ],
        [
          -0.0,
          -0.0,
          -2.0
        ]
      ],
      "initial_sector_H4": [
        [
          2.0,
          -2.0,
          0.0
        ],
        [
          -2.0,
          12.0,
          -2.0
        ],
        [
          0.0,
          -2.0,
          2.0
        ]
      ],
      "initial_sector_birth_loss": [
        [
          1.4000000000000001,
          0.0,
          0.0
        ],
        [
          0.0,
          5.6000000000000005,
          0.0
        ],
        [
          0.0,
          0.0,
          1.4000000000000001
        ]
      ],
      "unit_rotor_total_first_rate": 5.6,
      "nonzero_fourth_order_loop_terms": true
    },
    {
      "model": "ring_S2",
      "loop_fields": [
        -2,
        -1,
        0,
        1,
        2
      ],
      "initial_sector_H2": [
        [
          -1.3333333333333333,
          -0.0,
          -0.0,
          -0.0,
          -0.0
        ],
        [
          -0.0,
          -3.3333333333333335,
          -0.0,
          -0.0,
          -0.0
        ],
        [
          -0.0,
          -0.0,
          -4.0,
          -0.0,
          -0.0
        ],
        [
          -0.0,
          -0.0,
          -0.0,
          -3.333333333333333,
          -0.0
        ],
        [
          -0.0,
          -0.0,
          -0.0,
          -0.0,
          -1.3333333333333333
        ]
      ],
      "initial_sector_H4": [
        [
          0.8888888888888888,
          -0.8888888888888888,
          0.0,
          0.0,
          0.0
        ],
        [
          -0.8888888888888888,
          8.222222222222223,
          -2.0,
          0.0,
          0.0
        ],
        [
          0.0,
          -2.0,
          12.0,
          -2.0,
          0.0
        ],
        [
          0.0,
          0.0,
          -2.0,
          8.22222222222222,
          -0.8888888888888888
        ],
        [
          0.0,
          0.0,
          0.0,
          -0.8888888888888888,
          0.8888888888888888
        ]
      ],
      "initial_sector_birth_loss": [
        [
          0.6222222222222223,
          0.0,
          0.0,
          0.0,
          0.0
        ],
        [
          0.0,
          3.8888888888888893,
          0.0,
          0.0,
          0.0
        ],
        [
          0.0,
          0.0,
          5.6000000000000005,
          0.0,
          0.0
        ],
        [
          0.0,
          0.0,
          0.0,
          3.8888888888888893,
          0.0
        ],
        [
          0.0,
          0.0,
          0.0,
          0.0,
          0.6222222222222223
        ]
      ],
      "unit_rotor_total_first_rate": 5.6,
      "nonzero_fourth_order_loop_terms": true
    }
  ],
  "scope": "Author controls for canonical H2/H4 and finite positive formation, with actual cyclic Gauss sectors. Numeric rates corroborate, rather than prove, the separate residual/finite-volume argument."
}

RESULT FIRST_FORMATION_FIELD_RESULTS.json
{
  "created_utc": "2026-09-24T05:38:11.973306+00:00",
  "source_sha256": "83bced73348455ccdd601bd5479b2bfd19027edbf67d312cac8592a43afe1b15",
  "delta": 1.3,
  "kappa": 0.7,
  "K": 1.0,
  "J": 2.6,
  "first_rate": 5.6,
  "rotor_cutoff": 32,
  "rotor_refinement_cutoff": 64,
  "rotor_state_refinement_norm": 1.770498084708551e-14,
  "rows": [
    {
      "spin": 2,
      "epsilon": 0.4654746681256314,
      "N2_sector_dimension": 25,
      "Schur_basis_orthogonality": 3.4982406174681585e-15,
      "relative_Schur_residual": 3.4959685396419957e-15,
      "times": [
        {
          "time": 0,
          "microscopic_no_event_probability": 1.0,
          "rotor_no_event_probability": 1.0,
          "unnormalized_density_trace_error": 3.9465708556431555e-15,
          "conditional_field_trace_error": 3.845329714522664e-15,
          "target_electric_tail_probability": 5.460475756402668e-35,
          "numerical_rotor_norm_defect": 8.881784197001252e-16,
          "trace_error_divided_by_epsilon": 8.478594273529786e-15
        },
        {
          "time": 0.05,
          "microscopic_no_event_probability": 0.9243212813744135,
          "rotor_no_event_probability": 0.7557837414557255,
          "unnormalized_density_trace_error": 1.424461475982346,
          "conditional_field_trace_error": 1.6923070896637147,
          "target_electric_tail_probability": 2.357289422729558e-05,
          "numerical_rotor_norm_defect": 5.551115123125783e-16,
          "trace_error_divided_by_epsilon": 3.060234151341367
        },
        {
          "time": 0.1,
          "microscopic_no_event_probability": 0.79657480837103,
          "rotor_no_event_probability": 0.5712090638488149,
          "unnormalized_density_trace_error": 1.0636041345065426,
          "conditional_field_trace_error": 1.5409705147436317,
          "target_electric_tail_probability": 0.00018906185759056364,
          "numerical_rotor_norm_defect": 5.551115123125783e-16,
          "trace_error_divided_by_epsilon": 2.2849882224299183
        },
        {
          "time": 0.25,
          "microscopic_no_event_probability": 0.5890494480304899,
          "rotor_no_event_probability": 0.2465969639416065,
          "unnormalized_density_trace_error": 0.6694744452589119,
          "conditional_field_trace_error": 1.5093615997385987,
          "target_electric_tail_probability": 0.00012597919106181513,
          "numerical_rotor_norm_defect": 3.0531133177191805e-16,
          "trace_error_divided_by_epsilon": 1.4382618241176146
        },
        {
          "time": 0.5,
          "microscopic_no_event_probability": 0.3825082453872387,
          "rotor_no_event_probability": 0.06081006262521797,
          "unnormalized_density_trace_error": 0.42163178398049045,
          "conditional_field_trace_error": 1.787057241588066,
          "target_electric_tail_probability": 2.5501615155229383e-05,
          "numerical_rotor_norm_defect": 5.551115123125783e-17,
          "trace_error_divided_by_epsilon": 0.9058103756286309
        }
      ]
    },
    {
      "spin": 4,
      "epsilon": 0.25495097567963926,
      "N2_sector_dimension": 49,
      "Schur_basis_orthogonality": 6.14088117856054e-15,
      "relative_Schur_residual": 5.279308661681081e-15,
      "times": [
        {
          "time": 0,
          "microscopic_no_event_probability": 1.0000000000000013,
          "rotor_no_event_probability": 1.0,
          "unnormalized_density_trace_error": 7.102229966492171e-15,
          "conditional_field_trace_error": 6.746205588277609e-15,
          "target_electric_tail_probability": 1.0623245437493839e-40,
          "numerical_rotor_norm_defect": 8.881784197001252e-16,
          "trace_error_divided_by_epsilon": 2.7857237837820774e-14
        },
        {
          "time": 0.05,
          "microscopic_no_event_probability": 0.781284274411587,
          "rotor_no_event_probability": 0.7557837414557255,
          "unnormalized_density_trace_error": 0.6607549151491928,
          "conditional_field_trace_error": 0.8592378968971182,
          "target_electric_tail_probability": 3.161525861623879e-11,
          "numerical_rotor_norm_defect": 5.551115123125783e-16,
          "trace_error_divided_by_epsilon": 2.591694004652368
        },
        {
          "time": 0.1,
          "microscopic_no_event_probability": 0.6297111981551434,
          "rotor_no_event_probability": 0.5712090638488149,
          "unnormalized_density_trace_error": 0.5802190590807171,
          "conditional_field_trace_error": 0.9625091636093451,
          "target_electric_tail_probability": 1.2180400678953177e-09,
          "numerical_rotor_norm_defect": 6.661338147750939e-16,
          "trace_error_divided_by_epsilon": 2.275806388008478
        },
        {
          "time": 0.25,
          "microscopic_no_event_probability": 0.36579115568603593,
          "rotor_no_event_probability": 0.2465969639416065,
          "unnormalized_density_trace_error": 0.3168733589433468,
          "conditional_field_trace_error": 0.9775677677896257,
          "target_electric_tail_probability": 4.3119261031034424e-10,
          "numerical_rotor_norm_defect": 2.7755575615628914e-16,
          "trace_error_divided_by_epsilon": 1.2428795696844739
        },
        {
          "time": 0.5,
          "microscopic_no_event_probability": 0.1512853065765906,
          "rotor_no_event_probability": 0.06081006262521797,
          "unnormalized_density_trace_error": 0.1447100749032073,
          "conditional_field_trace_error": 1.1774924989899127,
          "target_electric_tail_probability": 1.582161443718346e-10,
          "numerical_rotor_norm_defect": 6.245004513516506e-17,
          "trace_error_divided_by_epsilon": 0.5675996121114827
        }
      ]
    },
    {
      "spin": 8,
      "epsilon": 0.1343709624716425,
      "N2_sector_dimension": 97,
      "Schur_basis_orthogonality": 7.579610395620558e-15,
      "relative_Schur_residual": 7.167738106429296e-15,
      "times": [
        {
          "time": 0,
          "microscopic_no_event_probability": 1.0000000000000036,
          "rotor_no_event_probability": 1.0,
          "unnormalized_density_trace_error": 7.022955266792148e-15,
          "conditional_field_trace_error": 5.440622946762456e-15,
          "target_electric_tail_probability": 5.098516436143754e-56,
          "numerical_rotor_norm_defect": 8.881784197001252e-16,
          "trace_error_divided_by_epsilon": 5.226542355290686e-14
        },
        {
          "time": 0.05,
          "microscopic_no_event_probability": 0.7419863717904318,
          "rotor_no_event_probability": 0.7557837414557255,
          "unnormalized_density_trace_error": 0.3880446953735055,
          "conditional_field_trace_error": 0.5178575525600109,
          "target_electric_tail_probability": 9.205955281375113e-26,
          "numerical_rotor_norm_defect": 5.551115123125783e-16,
          "trace_error_divided_by_epsilon": 2.88786124796418
        },
        {
          "time": 0.1,
          "microscopic_no_event_probability": 0.5831466344187559,
          "rotor_no_event_probability": 0.5712090638488149,
          "unnormalized_density_trace_error": 0.3001450539919631,
          "conditional_field_trace_error": 0.5196381041886283,
          "target_electric_tail_probability": 4.050584956936267e-24,
          "numerical_rotor_norm_defect": 6.661338147750939e-16,
          "trace_error_divided_by_epsilon": 2.2337047266094068
        },
        {
          "time": 0.25,
          "microscopic_no_event_probability": 0.28523763870855284,
          "rotor_no_event_probability": 0.2465969639416065,
          "unnormalized_density_trace_error": 0.1498001722221724,
          "conditional_field_trace_error": 0.5457120356137882,
          "target_electric_tail_probability": 7.984272907857243e-25,
          "numerical_rotor_norm_defect": 3.0531133177191805e-16,
          "trace_error_divided_by_epsilon": 1.114825476179692
        },
        {
          "time": 0.5,
          "microscopic_no_event_probability": 0.0867560857950382,
          "rotor_no_event_probability": 0.06081006262521797,
          "unnormalized_density_trace_error": 0.05277189384506454,
          "conditional_field_trace_error": 0.6326682058386724,
          "target_electric_tail_probability": 3.248018800315726e-25,
          "numerical_rotor_norm_defect": 6.245004513516506e-17,
          "trace_error_divided_by_epsilon": 0.39273287081054775
        }
      ]
    },
    {
      "spin": 16,
      "epsilon": 0.06913328984437152,
      "N2_sector_dimension": 193,
      "Schur_basis_orthogonality": 1.8568288265053533e-14,
      "relative_Schur_residual": 1.2164994441675298e-14,
      "times": [
        {
          "time": 0,
          "microscopic_no_event_probability": 1.0000000000000093,
          "rotor_no_event_probability": 1.0,
          "unnormalized_density_trace_error": 1.471070071502498e-14,
          "conditional_field_trace_error": 1.0586683182732762e-14,
          "target_electric_tail_probability": 4.794109748445344e-94,
          "numerical_rotor_norm_defect": 8.881784197001252e-16,
          "trace_error_divided_by_epsilon": 2.1278751160462316e-13
        },
        {
          "time": 0.05,
          "microscopic_no_event_probability": 0.7512665204686176,
          "rotor_no_event_probability": 0.7557837414557255,
          "unnormalized_density_trace_error": 0.20456643838682295,
          "conditional_field_trace_error": 0.271414274273387,
          "target_electric_tail_probability": 2.667986498259358e-64,
          "numerical_rotor_norm_defect": 5.551115123125783e-16,
          "trace_error_divided_by_epsilon": 2.959014952815495
        },
        {
          "time": 0.1,
          "microscopic_no_event_probability": 0.5749212017455657,
          "rotor_no_event_probability": 0.5712090638488149,
          "unnormalized_density_trace_error": 0.15674281279034627,
          "conditional_field_trace_error": 0.27344129367174014,
          "target_electric_tail_probability": 1.1739812237844062e-64,
          "numerical_rotor_norm_defect": 6.661338147750939e-16,
          "trace_error_divided_by_epsilon": 2.267255227448249
        },
        {
          "time": 0.25,
          "microscopic_no_event_probability": 0.25766981515457327,
          "rotor_no_event_probability": 0.2465969639416065,
          "unnormalized_density_trace_error": 0.07118408669193003,
          "conditional_field_trace_error": 0.27895776877019984,
          "target_electric_tail_probability": 4.96882464574686e-64,
          "numerical_rotor_norm_defect": 3.0531133177191805e-16,
          "trace_error_divided_by_epsilon": 1.0296643896475222
        },
        {
          "time": 0.5,
          "microscopic_no_event_probability": 0.06763474059522889,
          "rotor_no_event_probability": 0.06081006262521797,
          "unnormalized_density_trace_error": 0.020151737891502364,
          "conditional_field_trace_error": 0.2956559745252055,
          "target_electric_tail_probability": 2.3283028113803405e-64,
          "numerical_rotor_norm_defect": 6.245004513516506e-17,
          "trace_error_divided_by_epsilon": 0.29149108825670933
        }
      ]
    },
    {
      "spin": 32,
      "epsilon": 0.03508647326336185,
      "N2_sector_dimension": 385,
      "Schur_basis_orthogonality": 2.0314047945708208e-14,
      "relative_Schur_residual": 1.5035067702900733e-14,
      "times": [
        {
          "time": 0,
          "microscopic_no_event_probability": 0.999999999999998,
          "rotor_no_event_probability": 1.0,
          "unnormalized_density_trace_error": 1.2320362223079457e-14,
          "conditional_field_trace_error": 1.2270237574858767e-14,
          "target_electric_tail_probability": 0.0,
          "numerical_rotor_norm_defect": 8.881784197001252e-16,
          "trace_error_divided_by_epsilon": 3.511427931385933e-13
        },
        {
          "time": 0.05,
          "microscopic_no_event_probability": 0.7546102274529661,
          "rotor_no_event_probability": 0.7557837414557255,
          "unnormalized_density_trace_error": 0.10555349142561592,
          "conditional_field_trace_error": 0.13976088604041503,
          "target_electric_tail_probability": 0.0,
          "numerical_rotor_norm_defect": 5.551115123125783e-16,
          "trace_error_divided_by_epsilon": 3.0083813392506857
        },
        {
          "time": 0.1,
          "microscopic_no_event_probability": 0.5722223302605243,
          "rotor_no_event_probability": 0.5712090638488149,
          "unnormalized_density_trace_error": 0.08007241433637428,
          "conditional_field_trace_error": 0.1400451916968148,
          "target_electric_tail_probability": 0.0,
          "numerical_rotor_norm_defect": 6.661338147750939e-16,
          "trace_error_divided_by_epsilon": 2.282144852101389
        },
        {
          "time": 0.25,
          "microscopic_no_event_probability": 0.24951222594354389,
          "rotor_no_event_probability": 0.2465969639416065,
          "unnormalized_density_trace_error": 0.035030131571157544,
          "conditional_field_trace_error": 0.1407319917329089,
          "target_electric_tail_probability": 0.0,
          "numerical_rotor_norm_defect": 3.0531133177191805e-16,
          "trace_error_divided_by_epsilon": 0.9983942047471855
        },
        {
          "time": 0.5,
          "microscopic_no_event_probability": 0.06256114580227011,
          "rotor_no_event_probability": 0.06081006262521797,
          "unnormalized_density_trace_error": 0.009000837668676686,
          "conditional_field_trace_error": 0.14314118449144625,
          "target_electric_tail_probability": 0.0,
          "numerical_rotor_norm_defect": 6.245004513516506e-17,
          "trace_error_divided_by_epsilon": 0.2565329835551064
        }
      ]
    }
  ],
  "scope": "Complete microscopic pre-first-event two-record sector on a genuine four-edge cycle, compared to finite-rate killed rotor field dynamics. Full electric-tail contribution retained. No post-formation field approximation or volume limit."
}

TOTAL: PASS=2 FAIL=0

----- stderr -----

