===== runner cache v1 =====
runner: scripts/first_birth_energy_spread_on_seven_site_path_2026_09_24.py
runner_sha256: cc71bb4b590b0b4a79a7c4baa5cf1bfb268611fe1b0646006f3fe7d9cf3d219d
input_fingerprint_sha256: 9d9f39f036ced1bf736f933a40eb27e98bf3215e5948cebfface1f061d3810d7
timeout_sec: 3600
exit_code: 0
elapsed_sec: 0.31
status: ok
----- stdout -----
Evidence boundary: supplied models and stated limits; finite controls confer no audit verdict.
COMPONENT finite_path_control.py; stdout sha256=7f55054cc91f592271261240b0f7273398d5dad8523bd52ed2b0bc61e225b0ce
{
  "physical_dimension": 52,
  "number_sector_dimensions": {
    "3": 1,
    "5": 30,
    "7": 21
  },
  "all_Gauss_constraints": true,
  "exact_number_balance": true,
  "resolved_coherent_loss_equal": true,
  "first_total_rate_divided_by_kappa": 12,
  "initial_H4_eigenvalue": -12,
  "dark_first_mark_weight": "1/3",
  "unused_birth_capacity_in_dark_output": 1,
  "Gamma_norm_bound_by_row_sum": 12
}

COMPONENT first_birth_energy_spread_check.py; stdout sha256=24544b6de39b2e4e4cbf71dc2ad8f83cbea7f998fd8f0543a2ad9598f779b253
{
  "arithmetic": "integer path vectors and Fraction moments",
  "physical_words": 52,
  "initial_H4_eigenvalue": -12,
  "first_rate_divided_by_kappa": 12,
  "pre_matrix_first_vectors_all_match": true,
  "post_H_mean_divided_by_delta": "-4/3",
  "post_H_second_divided_by_delta_squared": "8",
  "post_H_variance_divided_by_delta_squared": "56/9",
  "mean_transition_energy_divided_by_delta": "32/3",
  "initial_power_divided_by_kappa_delta": "128",
  "number_offset_mean_shift_per_birth": "2 mu",
  "number_offset_variance_shift": "0",
  "scope": "Supplied compensated target; fixed seven-site physical path, first actual birth only."
}

RESULT FINITE_PATH_RESULTS.json
{
  "arithmetic": "integer and Fraction only",
  "graph": "seven-site path, all edges A to B",
  "vertices": 7,
  "A": [
    1,
    3,
    5
  ],
  "B": [
    0,
    2,
    4,
    6
  ],
  "edges": [
    [
      1,
      0
    ],
    [
      1,
      2
    ],
    [
      3,
      2
    ],
    [
      3,
      4
    ],
    [
      5,
      4
    ],
    [
      5,
      6
    ]
  ],
  "pair_anchors": [
    [
      1,
      3
    ],
    [
      3,
      5
    ]
  ],
  "physical_dimension": 52,
  "number_sector_dimensions": {
    "3": 1,
    "5": 30,
    "7": 21
  },
  "all_Gauss_constraints": true,
  "exact_number_balance": true,
  "resolved_coherent_loss_equal": true,
  "H4_preserves_number": true,
  "first_total_rate_divided_by_kappa": 12,
  "initial_H4_eigenvalue": -12,
  "initial_D_eigenvalue": 0,
  "dark_first_mark_weight": "1/3",
  "dark_first_outputs": [
    {
      "mark": [
        3,
        2,
        -1
      ],
      "q": [
        0,
        1,
        1,
        -1,
        1,
        1,
        0
      ],
      "E": [
        0,
        0,
        -1,
        -1,
        0,
        0
      ],
      "records": 5,
      "D": 0
    },
    {
      "mark": [
        3,
        2,
        1
      ],
      "q": [
        0,
        1,
        -1,
        1,
        1,
        1,
        0
      ],
      "E": [
        0,
        0,
        1,
        -1,
        0,
        0
      ],
      "records": 5,
      "D": 0
    },
    {
      "mark": [
        3,
        4,
        -1
      ],
      "q": [
        0,
        1,
        1,
        -1,
        1,
        1,
        0
      ],
      "E": [
        0,
        0,
        -1,
        -1,
        0,
        0
      ],
      "records": 5,
      "D": 0
    },
    {
      "mark": [
        3,
        4,
        1
      ],
      "q": [
        0,
        1,
        1,
        1,
        -1,
        1,
        0
      ],
      "E": [
        0,
        0,
        -1,
        1,
        0,
        0
      ],
      "records": 5,
      "D": 0
    }
  ],
  "unused_birth_capacity_in_dark_output": 1,
  "max_total_births_from_initial": 2,
  "Gamma_norm_bound_by_row_sum": 12,
  "states": [
    {
      "q": [
        1,
        -1,
        1,
        -1,
        1,
        1,
        1
      ],
      "E": [
        -1,
        -1,
        0,
        -2,
        1,
        -1
      ],
      "N": 7,
      "D": 0
    },
    {
      "q": [
        1,
        -1,
        1,
        1,
        1,
        -1,
        1
      ],
      "E": [
        -1,
        -1,
        0,
        0,
        -1,
        -1
      ],
      "N": 7,
      "D": 0
    },
    {
      "q": [
        -1,
        -1,
        1,
        1,
        1,
        1,
        1
      ],
      "E": [
        1,
        -3,
        2,
        -2,
        1,
        -1
      ],
      "N": 7,
      "D": 0
    },
    {
      "q": [
        0,
        -1,
        0,
        1,
        1,
        1,
        1
      ],
      "E": [
        0,
        -2,
        2,
        -2,
        1,
        -1
      ],
      "N": 5,
      "D": 4
    },
    {
      "q": [
        0,
        -1,
        1,
        1,
        0,
        1,
        1
      ],
      "E": [
        0,
        -2,
        1,
        -1,
        1,
        -1
      ],
      "N": 5,
      "D": 2
    },
    {
      "q": [
        0,
        -1,
        1,
        1,
        1,
        1,
        0
      ],
      "E": [
        0,
        -2,
        1,
        -1,
        0,
        0
      ],
      "N": 5,
      "D": 0
    },
    {
      "q": [
        1,
        -1,
        -1,
        1,
        1,
        1,
        1
      ],
      "E": [
        -1,
        -1,
        2,
        -2,
        1,
        -1
      ],
      "N": 7,
      "D": 0
    },
    {
      "q": [
        1,
        -1,
        0,
        1,
        0,
        1,
        1
      ],
      "E": [
        -1,
        -1,
        1,
        -1,
        1,
        -1
      ],
      "N": 5,
      "D": 2
    },
    {
      "q": [
        1,
        -1,
        0,
        1,
        1,
        1,
        0
      ],
      "E": [
        -1,
        -1,
        1,
        -1,
        0,
        0
      ],
      "N": 5,
      "D": 0
    },
    {
      "q": [
        1,
        -1,
        1,
        1,
        -1,
        1,
        1
      ],
      "E": [
        -1,
        -1,
        0,
        0,
        1,
        -1
      ],
      "N": 7,
      "D": 0
    },
    {
      "q": [
        1,
        -1,
        1,
        1,
        0,
        1,
        0
      ],
      "E": [
        -1,
        -1,
        0,
        0,
        0,
        0
      ],
      "N": 5,
      "D": 0
    },
    {
      "q": [
        1,
        -1,
        1,
        1,
        1,
        1,
        -1
      ],
      "E": [
        -1,
        -1,
        0,
        0,
        -1,
        1
      ],
      "N": 7,
      "D": 0
    },
    {
      "q": [
        1,
        1,
        1,
        -1,
        1,
        -1,
        1
      ],
      "E": [
        -1,
        1,
        -2,
        0,
        -1,
        -1
      ],
      "N": 7,
      "D": 0
    },
    {
      "q": [
        -1,
        1,
        1,
        -1,
        1,
        1,
        1
      ],
      "E": [
        1,
        -1,
        0,
        -2,
        1,
        -1
      ],
      "N": 7,
      "D": 0
    },
    {
      "q": [
        0,
        1,
        0,
        -1,
        1,
        1,
        1
      ],
      "E": [
        0,
        0,
        0,
        -2,
        1,
        -1
      ],
      "N": 5,
      "D": 0
    },
    {
      "q": [
        0,
        1,
        1,
        -1,
        0,
        1,
        1
      ],
      "E": [
        0,
        0,
        -1,
        -1,
        1,
        -1
      ],
      "N": 5,
      "D": 0
    },
    {
      "q": [
        0,
        1,
        1,
        -1,
        1,
        1,
        0
      ],
      "E": [
        0,
        0,
        -1,
        -1,
        0,
        0
      ],
      "N": 5,
      "D": 0
    },
    {
      "q": [
        1,
        1,
        -1,
        -1,
        1,
        1,
        1
      ],
      "E": [
        -1,
        1,
        0,
        -2,
        1,
        -1
      ],
      "N": 7,
      "D": 0
    },
    {
      "q": [
        1,
        1,
        0,
        -1,
        0,
        1,
        1
      ],
      "E": [
        -1,
        1,
        -1,
        -1,
        1,
        -1
      ],
      "N": 5,
      "D": 0
    },
    {
      "q": [
        1,
        1,
        0,
        -1,
        1,
        1,
        0
      ],
      "E": [
        -1,
        1,
        -1,
        -1,
        0,
        0
      ],
      "N": 5,
      "D": 0
    },
    {
      "q": [
        1,
        1,
        1,
        -1,
        -1,
        1,
        1
      ],
      "E": [
        -1,
        1,
        -2,
        0,
        1,
        -1
      ],
      "N": 7,
      "D": 0
    },
    {
      "q": [
        1,
        1,
        1,
        -1,
        0,
        1,
        0
      ],
      "E": [
        -1,
        1,
        -2,
        0,
        0,
        0
      ],
      "N": 5,
      "D": 0
    },
    {
      "q": [
        1,
        1,
        1,
        -1,
        1,
        1,
        -1
      ],
      "E": [
        -1,
        1,
        -2,
        0,
        -1,
        1
      ],
      "N": 7,
      "D": 0
    },
    {
      "q": [
        -1,
        1,
        1,
        1,
        1,
        -1,
        1
      ],
      "E": [
        1,
        -1,
        0,
        0,
        -1,
        -1
      ],
      "N": 7,
      "D": 0
    },
    {
      "q": [
        0,
        1,
        0,
        1,
        1,
        -1,
        1
      ],
      "E": [
        0,
        0,
        0,
        0,
        -1,
        -1
      ],
      "N": 5,
      "D": 0
    },
    {
      "q": [
        0,
        1,
        1,
        1,
        0,
        -1,
        1
      ],
      "E": [
        0,
        0,
        -1,
        1,
        -1,
        -1
      ],
      "N": 5,
      "D": 0
    },
    {
      "q": [
        0,
        1,
        1,
        1,
        1,
        -1,
        0
      ],
      "E": [
        0,
        0,
        -1,
        1,
        -2,
        0
      ],
      "N": 5,
      "D": 0
    },
    {
      "q": [
        1,
        1,
        -1,
        1,
        1,
        -1,
        1
      ],
      "E": [
        -1,
        1,
        0,
        0,
        -1,
        -1
      ],
      "N": 7,
      "D": 0
    },
    {
      "q": [
        1,
        1,
        0,
        1,
        0,
        -1,
        1
      ],
      "E": [
        -1,
        1,
        -1,
        1,
        -1,
        -1
      ],
      "N": 5,
      "D": 2
    },
    {
      "q": [
        1,
        1,
        0,
        1,
        1,
        -1,
        0
      ],
      "E": [
        -1,
        1,
        -1,
        1,
        -2,
        0
      ],
      "N": 5,
      "D": 2
    },
    {
      "q": [
        1,
        1,
        1,
        1,
        -1,
        -1,
        1
      ],
      "E": [
        -1,
        1,
        -2,
        2,
        -1,
        -1
      ],
      "N": 7,
      "D": 0
    },
    {
      "q": [
        1,
        1,
        1,
        1,
        0,
        -1,
        0
      ],
      "E": [
        -1,
        1,
        -2,
        2,
        -2,
        0
      ],
      "N": 5,
      "D": 4
    },
    {
      "q": [
        1,
        1,
        1,
        1,
        1,
        -1,
        -1
      ],
      "E": [
        -1,
        1,
        -2,
        2,
        -3,
        1
      ],
      "N": 7,
      "D": 0
    },
    {
      "q": [
        -1,
        1,
        -1,
        1,
        1,
        1,
        1
      ],
      "E": [
        1,
        -1,
        2,
        -2,
        1,
        -1
      ],
      "N": 7,
      "D": 0
    },
    {
      "q": [
        -1,
        1,
        0,
        1,
        0,
        1,
        1
      ],
      "E": [
        1,
        -1,
        1,
        -1,
        1,
        -1
      ],
      "N": 5,
      "D": 4
    },
    {
      "q": [
        -1,
        1,
        0,
        1,
        1,
        1,
        0
      ],
      "E": [
        1,
        -1,
        1,
        -1,
        0,
        0
      ],
      "N": 5,
      "D": 2
    },
    {
      "q": [
        -1,
        1,
        1,
        1,
        -1,
        1,
        1
      ],
      "E": [
        1,
        -1,
        0,
        0,
        1,
        -1
      ],
      "N": 7,
      "D": 0
    },
    {
      "q": [
        -1,
        1,
        1,
        1,
        0,
        1,
        0
      ],
      "E": [
        1,
        -1,
        0,
        0,
        0,
        0
      ],
      "N": 5,
      "D": 0
    },
    {
      "q": [
        -1,
        1,
        1,
        1,
        1,
        1,
        -1
      ],
      "E": [
        1,
        -1,
        0,
        0,
        -1,
        1
      ],
      "N": 7,
      "D": 0
    },
    {
      "q": [
        0,
        1,
        -1,
        1,
        0,
        1,
        1
      ],
      "E": [
        0,
        0,
        1,
        -1,
        1,
        -1
      ],
      "N": 5,
      "D": 2
    },
    {
      "q": [
        0,
        1,
        -1,
        1,
        1,
        1,
        0
      ],
      "E": [
        0,
        0,
        1,
        -1,
        0,
        0
      ],
      "N": 5,
      "D": 0
    },
    {
      "q": [
        0,
        1,
        0,
        1,
        -1,
        1,
        1
      ],
      "E": [
        0,
        0,
        0,
        0,
        1,
        -1
      ],
      "N": 5,
      "D": 0
    },
    {
      "q": [
        0,
        1,
        0,
        1,
        0,
        1,
        0
      ],
      "E": [
        0,
        0,
        0,
        0,
        0,
        0
      ],
      "N": 3,
      "D": 0
    },
    {
      "q": [
        0,
        1,
        0,
        1,
        1,
        1,
        -1
      ],
      "E": [
        0,
        0,
        0,
        0,
        -1,
        1
      ],
      "N": 5,
      "D": 0
    },
    {
      "q": [
        0,
        1,
        1,
        1,
        -1,
        1,
        0
      ],
      "E": [
        0,
        0,
        -1,
        1,
        0,
        0
      ],
      "N": 5,
      "D": 0
    },
    {
      "q": [
        0,
        1,
        1,
        1,
        0,
        1,
        -1
      ],
      "E": [
        0,
        0,
        -1,
        1,
        -1,
        1
      ],
      "N": 5,
      "D": 2
    },
    {
      "q": [
        1,
        1,
        -1,
        1,
        -1,
        1,
        1
      ],
      "E": [
        -1,
        1,
        0,
        0,
        1,
        -1
      ],
      "N": 7,
      "D": 0
    },
    {
      "q": [
        1,
        1,
        -1,
        1,
        0,
        1,
        0
      ],
      "E": [
        -1,
        1,
        0,
        0,
        0,
        0
      ],
      "N": 5,
      "D": 0
    },
    {
      "q": [
        1,
        1,
        -1,
        1,
        1,
        1,
        -1
      ],
      "E": [
        -1,
        1,
        0,
        0,
        -1,
        1
      ],
      "N": 7,
      "D": 0
    },
    {
      "q": [
        1,
        1,
        0,
        1,
        -1,
        1,
        0
      ],
      "E": [
        -1,
        1,
        -1,
        1,
        0,
        0
      ],
      "N": 5,
      "D": 2
    },
    {
      "q": [
        1,
        1,
        0,
        1,
        0,
        1,
        -1
      ],
      "E": [
        -1,
        1,
        -1,
        1,
        -1,
        1
      ],
      "N": 5,
      "D": 4
    },
    {
      "q": [
        1,
        1,
        1,
        1,
        -1,
        1,
        -1
      ],
      "E": [
        -1,
        1,
        -2,
        2,
        -1,
        1
      ],
      "N": 7,
      "D": 0
    }
  ],
  "sparse_H4": [
    [
      3,
      3,
      -2
    ],
    [
      3,
      4,
      -2
    ],
    [
      3,
      34,
      -2
    ],
    [
      4,
      3,
      -2
    ],
    [
      4,
      4,
      -2
    ],
    [
      4,
      34,
      -2
    ],
    [
      7,
      7,
      -4
    ],
    [
      7,
      8,
      -2
    ],
    [
      7,
      10,
      -2
    ],
    [
      7,
      14,
      -2
    ],
    [
      7,
      39,
      -2
    ],
    [
      8,
      7,
      -2
    ],
    [
      8,
      8,
      -2
    ],
    [
      8,
      10,
      -2
    ],
    [
      10,
      7,
      -2
    ],
    [
      10,
      8,
      -2
    ],
    [
      10,
      10,
      -2
    ],
    [
      14,
      7,
      -2
    ],
    [
      14,
      14,
      -2
    ],
    [
      14,
      39,
      -2
    ],
    [
      15,
      15,
      -2
    ],
    [
      15,
      18,
      -2
    ],
    [
      15,
      41,
      -2
    ],
    [
      18,
      15,
      -2
    ],
    [
      18,
      18,
      -4
    ],
    [
      18,
      19,
      -2
    ],
    [
      18,
      41,
      -2
    ],
    [
      18,
      47,
      -2
    ],
    [
      19,
      18,
      -2
    ],
    [
      19,
      19,
      -2
    ],
    [
      19,
      47,
      -2
    ],
    [
      21,
      21,
      -2
    ],
    [
      21,
      28,
      -2
    ],
    [
      21,
      49,
      -2
    ],
    [
      24,
      24,
      -2
    ],
    [
      24,
      25,
      -2
    ],
    [
      24,
      28,
      -2
    ],
    [
      25,
      24,
      -2
    ],
    [
      25,
      25,
      -2
    ],
    [
      25,
      28,
      -2
    ],
    [
      28,
      21,
      -2
    ],
    [
      28,
      24,
      -2
    ],
    [
      28,
      25,
      -2
    ],
    [
      28,
      28,
      -4
    ],
    [
      28,
      49,
      -2
    ],
    [
      29,
      29,
      -2
    ],
    [
      29,
      31,
      -2
    ],
    [
      29,
      50,
      -2
    ],
    [
      31,
      29,
      -2
    ],
    [
      31,
      31,
      -2
    ],
    [
      31,
      50,
      -2
    ],
    [
      34,
      3,
      -2
    ],
    [
      34,
      4,
      -2
    ],
    [
      34,
      34,
      -4
    ],
    [
      34,
      35,
      -2
    ],
    [
      34,
      37,
      -2
    ],
    [
      35,
      34,
      -2
    ],
    [
      35,
      35,
      -2
    ],
    [
      35,
      37,
      -2
    ],
    [
      37,
      34,
      -2
    ],
    [
      37,
      35,
      -2
    ],
    [
      37,
      37,
      -2
    ],
    [
      39,
      7,
      -2
    ],
    [
      39,
      14,
      -2
    ],
    [
      39,
      39,
      -2
    ],
    [
      41,
      15,
      -2
    ],
    [
      41,
      18,
      -2
    ],
    [
      41,
      41,
      -2
    ],
    [
      42,
      42,
      -12
    ],
    [
      43,
      43,
      -2
    ],
    [
      43,
      45,
      -2
    ],
    [
      43,
      50,
      -2
    ],
    [
      45,
      43,
      -2
    ],
    [
      45,
      45,
      -2
    ],
    [
      45,
      50,
      -2
    ],
    [
      47,
      18,
      -2
    ],
    [
      47,
      19,
      -2
    ],
    [
      47,
      47,
      -2
    ],
    [
      49,
      21,
      -2
    ],
    [
      49,
      28,
      -2
    ],
    [
      49,
      49,
      -2
    ],
    [
      50,
      29,
      -2
    ],
    [
      50,
      31,
      -2
    ],
    [
      50,
      43,
      -2
    ],
    [
      50,
      45,
      -2
    ],
    [
      50,
      50,
      -4
    ]
  ],
  "sparse_Gamma": [
    [
      3,
      3,
      4
    ],
    [
      7,
      7,
      4
    ],
    [
      10,
      10,
      4
    ],
    [
      14,
      14,
      4
    ],
    [
      18,
      18,
      4
    ],
    [
      21,
      21,
      4
    ],
    [
      24,
      24,
      4
    ],
    [
      28,
      28,
      4
    ],
    [
      31,
      31,
      4
    ],
    [
      34,
      34,
      4
    ],
    [
      37,
      37,
      4
    ],
    [
      41,
      41,
      4
    ],
    [
      42,
      42,
      12
    ],
    [
      43,
      43,
      4
    ],
    [
      47,
      47,
      4
    ],
    [
      50,
      50,
      4
    ]
  ],
  "resolved_jumps": {
    "(1, 0, -1)": [
      [
        0,
        14,
        1
      ],
      [
        1,
        24,
        1
      ],
      [
        6,
        3,
        1
      ],
      [
        9,
        41,
        1
      ],
      [
        10,
        42,
        1
      ],
      [
        11,
        43,
        1
      ]
    ],
    "(1, 0, 1)": [
      [
        13,
        14,
        1
      ],
      [
        23,
        24,
        1
      ],
      [
        33,
        3,
        1
      ],
      [
        36,
        41,
        1
      ],
      [
        37,
        42,
        1
      ],
      [
        38,
        43,
        1
      ]
    ],
    "(1, 2, -1)": [
      [
        0,
        14,
        1
      ],
      [
        1,
        24,
        1
      ],
      [
        2,
        3,
        1
      ],
      [
        9,
        41,
        1
      ],
      [
        10,
        42,
        1
      ],
      [
        11,
        43,
        1
      ]
    ],
    "(1, 2, 1)": [
      [
        17,
        14,
        1
      ],
      [
        27,
        24,
        1
      ],
      [
        33,
        3,
        1
      ],
      [
        46,
        41,
        1
      ],
      [
        47,
        42,
        1
      ],
      [
        48,
        43,
        1
      ]
    ],
    "(3, 2, -1)": [
      [
        0,
        7,
        1
      ],
      [
        12,
        28,
        1
      ],
      [
        13,
        34,
        1
      ],
      [
        16,
        42,
        1
      ],
      [
        20,
        18,
        1
      ],
      [
        22,
        50,
        1
      ]
    ],
    "(3, 2, 1)": [
      [
        6,
        7,
        1
      ],
      [
        27,
        28,
        1
      ],
      [
        33,
        34,
        1
      ],
      [
        40,
        42,
        1
      ],
      [
        46,
        18,
        1
      ],
      [
        48,
        50,
        1
      ]
    ],
    "(3, 4, -1)": [
      [
        0,
        7,
        1
      ],
      [
        12,
        28,
        1
      ],
      [
        13,
        34,
        1
      ],
      [
        16,
        42,
        1
      ],
      [
        17,
        18,
        1
      ],
      [
        22,
        50,
        1
      ]
    ],
    "(3, 4, 1)": [
      [
        9,
        7,
        1
      ],
      [
        30,
        28,
        1
      ],
      [
        36,
        34,
        1
      ],
      [
        44,
        42,
        1
      ],
      [
        46,
        18,
        1
      ],
      [
        51,
        50,
        1
      ]
    ],
    "(5, 4, -1)": [
      [
        1,
        10,
        1
      ],
      [
        12,
        21,
        1
      ],
      [
        23,
        37,
        1
      ],
      [
        24,
        42,
        1
      ],
      [
        27,
        47,
        1
      ],
      [
        32,
        31,
        1
      ]
    ],
    "(5, 4, 1)": [
      [
        9,
        10,
        1
      ],
      [
        20,
        21,
        1
      ],
      [
        36,
        37,
        1
      ],
      [
        41,
        42,
        1
      ],
      [
        46,
        47,
        1
      ],
      [
        51,
        31,
        1
      ]
    ],
    "(5, 6, -1)": [
      [
        1,
        10,
        1
      ],
      [
        12,
        21,
        1
      ],
      [
        23,
        37,
        1
      ],
      [
        24,
        42,
        1
      ],
      [
        27,
        47,
        1
      ],
      [
        30,
        31,
        1
      ]
    ],
    "(5, 6, 1)": [
      [
        11,
        10,
        1
      ],
      [
        22,
        21,
        1
      ],
      [
        38,
        37,
        1
      ],
      [
        43,
        42,
        1
      ],
      [
        48,
        47,
        1
      ],
      [
        51,
        31,
        1
      ]
    ]
  },
  "coherent_jumps": {
    "(1, 0)": [
      [
        0,
        14,
        1
      ],
      [
        1,
        24,
        1
      ],
      [
        6,
        3,
        1
      ],
      [
        9,
        41,
        1
      ],
      [
        10,
        42,
        1
      ],
      [
        11,
        43,
        1
      ],
      [
        13,
        14,
        1
      ],
      [
        23,
        24,
        1
      ],
      [
        33,
        3,
        1
      ],
      [
        36,
        41,
        1
      ],
      [
        37,
        42,
        1
      ],
      [
        38,
        43,
        1
      ]
    ],
    "(1, 2)": [
      [
        0,
        14,
        1
      ],
      [
        1,
        24,
        1
      ],
      [
        2,
        3,
        1
      ],
      [
        9,
        41,
        1
      ],
      [
        10,
        42,
        1
      ],
      [
        11,
        43,
        1
      ],
      [
        17,
        14,
        1
      ],
      [
        27,
        24,
        1
      ],
      [
        33,
        3,
        1
      ],
      [
        46,
        41,
        1
      ],
      [
        47,
        42,
        1
      ],
      [
        48,
        43,
        1
      ]
    ],
    "(3, 2)": [
      [
        0,
        7,
        1
      ],
      [
        6,
        7,
        1
      ],
      [
        12,
        28,
        1
      ],
      [
        13,
        34,
        1
      ],
      [
        16,
        42,
        1
      ],
      [
        20,
        18,
        1
      ],
      [
        22,
        50,
        1
      ],
      [
        27,
        28,
        1
      ],
      [
        33,
        34,
        1
      ],
      [
        40,
        42,
        1
      ],
      [
        46,
        18,
        1
      ],
      [
        48,
        50,
        1
      ]
    ],
    "(3, 4)": [
      [
        0,
        7,
        1
      ],
      [
        9,
        7,
        1
      ],
      [
        12,
        28,
        1
      ],
      [
        13,
        34,
        1
      ],
      [
        16,
        42,
        1
      ],
      [
        17,
        18,
        1
      ],
      [
        22,
        50,
        1
      ],
      [
        30,
        28,
        1
      ],
      [
        36,
        34,
        1
      ],
      [
        44,
        42,
        1
      ],
      [
        46,
        18,
        1
      ],
      [
        51,
        50,
        1
      ]
    ],
    "(5, 4)": [
      [
        1,
        10,
        1
      ],
      [
        9,
        10,
        1
      ],
      [
        12,
        21,
        1
      ],
      [
        20,
        21,
        1
      ],
      [
        23,
        37,
        1
      ],
      [
        24,
        42,
        1
      ],
      [
        27,
        47,
        1
      ],
      [
        32,
        31,
        1
      ],
      [
        36,
        37,
        1
      ],
      [
        41,
        42,
        1
      ],
      [
        46,
        47,
        1
      ],
      [
        51,
        31,
        1
      ]
    ],
    "(5, 6)": [
      [
        1,
        10,
        1
      ],
      [
        11,
        10,
        1
      ],
      [
        12,
        21,
        1
      ],
      [
        22,
        21,
        1
      ],
      [
        23,
        37,
        1
      ],
      [
        24,
        42,
        1
      ],
      [
        27,
        47,
        1
      ],
      [
        30,
        31,
        1
      ],
      [
        38,
        37,
        1
      ],
      [
        43,
        42,
        1
      ],
      [
        48,
        47,
        1
      ],
      [
        51,
        31,
        1
      ]
    ]
  }
}

RESULT FIRST_BIRTH_ENERGY_SPREAD_RESULTS.json
{
  "arithmetic": "integer path vectors and Fraction moments",
  "sources": {
    "/private/var/folders/k9/v0pzrzy17zjg3k5p1lkcgp4r0000gp/T/formation-energy-controls-nb76d26b/capacity_and_dark_state_check.py": "8dcfb8ec32f08cf267c73105c89c5da2c6894f1c294cbd9be2b79f3a042dcd96",
    "/private/var/folders/k9/v0pzrzy17zjg3k5p1lkcgp4r0000gp/T/formation-energy-controls-nb76d26b/FINITE_PATH_RESULTS.json": "cea5eadb26ba699d2230befbcbb805ec6df29db52ca1b78c4da19d720ff85553"
  },
  "physical_words": 52,
  "initial_H4_eigenvalue": -12,
  "first_rate_divided_by_kappa": 12,
  "pre_matrix_first_vectors_all_match": true,
  "post_H_mean_divided_by_delta": "-4/3",
  "post_H_second_divided_by_delta_squared": "8",
  "post_H_variance_divided_by_delta_squared": "56/9",
  "mean_transition_energy_divided_by_delta": "32/3",
  "initial_power_divided_by_kappa_delta": "128",
  "number_offset_mean_shift_per_birth": "2 mu",
  "number_offset_variance_shift": "0",
  "rows": {
    "resolved": [
      {
        "channel": [
          1,
          0,
          -1
        ],
        "norm2": 1,
        "h4_first": -2,
        "h4_second": 12
      },
      {
        "channel": [
          1,
          0,
          1
        ],
        "norm2": 1,
        "h4_first": -2,
        "h4_second": 12
      },
      {
        "channel": [
          1,
          2,
          -1
        ],
        "norm2": 1,
        "h4_first": -2,
        "h4_second": 12
      },
      {
        "channel": [
          1,
          2,
          1
        ],
        "norm2": 1,
        "h4_first": -2,
        "h4_second": 12
      },
      {
        "channel": [
          3,
          2,
          -1
        ],
        "norm2": 1,
        "h4_first": 0,
        "h4_second": 0
      },
      {
        "channel": [
          3,
          2,
          1
        ],
        "norm2": 1,
        "h4_first": 0,
        "h4_second": 0
      },
      {
        "channel": [
          3,
          4,
          -1
        ],
        "norm2": 1,
        "h4_first": 0,
        "h4_second": 0
      },
      {
        "channel": [
          3,
          4,
          1
        ],
        "norm2": 1,
        "h4_first": 0,
        "h4_second": 0
      },
      {
        "channel": [
          5,
          4,
          -1
        ],
        "norm2": 1,
        "h4_first": -2,
        "h4_second": 12
      },
      {
        "channel": [
          5,
          4,
          1
        ],
        "norm2": 1,
        "h4_first": -2,
        "h4_second": 12
      },
      {
        "channel": [
          5,
          6,
          -1
        ],
        "norm2": 1,
        "h4_first": -2,
        "h4_second": 12
      },
      {
        "channel": [
          5,
          6,
          1
        ],
        "norm2": 1,
        "h4_first": -2,
        "h4_second": 12
      }
    ],
    "coherent": [
      {
        "channel": [
          1,
          0
        ],
        "norm2": 2,
        "h4_first": -4,
        "h4_second": 24
      },
      {
        "channel": [
          1,
          2
        ],
        "norm2": 2,
        "h4_first": -4,
        "h4_second": 24
      },
      {
        "channel": [
          3,
          2
        ],
        "norm2": 2,
        "h4_first": 0,
        "h4_second": 0
      },
      {
        "channel": [
          3,
          4
        ],
        "norm2": 2,
        "h4_first": 0,
        "h4_second": 0
      },
      {
        "channel": [
          5,
          4
        ],
        "norm2": 2,
        "h4_first": -4,
        "h4_second": 24
      },
      {
        "channel": [
          5,
          6
        ],
        "norm2": 2,
        "h4_first": -4,
        "h4_second": 24
      }
    ]
  },
  "scope": "Supplied compensated target; fixed seven-site physical path, first actual birth only."
}

TOTAL: PASS=2 FAIL=0

----- stderr -----

