[a] 48 faces; ring nnz 3109512; t=1s
[b] pi-flux + staggered field m=0.0: MF gap 4.899; (e_J', e_K', ring) = [-1.08889 -0.36296  0.28049]
[b] pi-flux + staggered field m=0.1: MF gap 4.903; (e_J', e_K', ring) = [-1.09586 -0.36529  0.27545]
[b] pi-flux + staggered field m=0.3: MF gap 4.936; (e_J', e_K', ring) = [-1.1365  -0.37883  0.24192]
[b] pi-flux + staggered field m=1.0: MF gap 5.292; (e_J', e_K', ring) = [-1.1897  -0.39657  0.10459]
[b] pi-flux + staggered field m=3.0: MF gap 7.746; (e_J', e_K', ring) = [-1.07616 -0.35872  0.00994]
[b] 0-flux Fermi sea singlet: (e_J', e_K', ring) = [-0.96774 -0.32258 -0.14695]
[b] Neel product: (e_J', e_K', ring) = [-1.      -0.33333  0.     ]; t=2s
[c] J'  K'    R   | E0/bond  gap  | pi-flux E ov | best AF-family E (m) ov | Neel E ov | ring<E0>
  1 +0.0 +0.00 | -1.29819 0.0651 (deg 1) | -1.08889 0.7221 | -1.18970 (1.0) 0.2926 | -1.00000 0.1018 | +0.1407
  1 +0.0 +0.20 | -1.27684 0.0547 (deg 1) | -1.03279 0.6723 | -1.16878 (1.0) 0.2852 | -1.00000 0.1033 | +0.0721
  1 +0.0 +0.50 | -1.27248 0.0474 (deg 1) | -0.94864 0.5797 | -1.13741 (1.0) 0.2627 | -1.00000 0.1008 | -0.0485
  1 +0.0 +1.00 | -1.36670 0.0869 (deg 1) | -0.80840 0.3630 | -1.08511 (1.0) 0.1808 | -1.00000 0.0756 | -0.3463
  1 +0.0 -0.20 | -1.33299 0.0794 (deg 1) | -1.14499 0.7619 | -1.21062 (1.0) 0.2946 | -1.00000 0.0985 | +0.2074
  1 +0.0 -0.50 | -1.41056 0.1107 (deg 1) | -1.22913 0.7963 | -1.25746 (0.3) 0.6497 | -1.00000 0.0904 | +0.3107
  1 -1.0 +0.00 | -0.87581 0.0425 (deg 1) | -0.72593 0.7222 | -0.79313 (1.0) 0.2805 | -0.66667 0.0951 | +0.1647
  1 -1.0 +0.20 | -0.85402 0.0313 (deg 1) | -0.66983 0.6533 | -0.77222 (1.0) 0.2756 | -0.66667 0.1003 | +0.0501
  1 -1.0 +0.50 | -0.87202 0.0007 (deg 1) | -0.58568 0.0000 | -0.74084 (1.0) 0.0000 | -0.66667 0.0000 | -0.3510
  1 -1.0 +1.00 | -1.09326 0.0390 (deg 1) | -0.44544 0.1185 | -0.70750 (3.0) 0.0419 | -0.66667 0.0333 | -0.6228
  1 -1.0 -0.20 | -0.91892 0.0616 (deg 1) | -0.78202 0.7545 | -0.81405 (1.0) 0.2718 | -0.66667 0.0861 | +0.2647
  1 -1.0 -0.50 | -1.01947 0.1066 (deg 1) | -0.86617 0.7538 | -0.87863 (0.3) 0.6049 | -0.66667 0.0721 | +0.4050
  1 -0.5 +0.00 | -1.08326 0.0541 (deg 1) | -0.90741 0.7234 | -0.99142 (1.0) 0.2919 | -0.83333 0.1013 | +0.1431
  1 -0.5 +0.20 | -1.06290 0.0439 (deg 1) | -0.85131 0.6626 | -0.97050 (1.0) 0.2828 | -0.83333 0.1031 | +0.0593
  1 -0.5 +0.50 | -1.06719 0.0401 (deg 1) | -0.76716 0.5434 | -0.93912 (1.0) 0.2510 | -0.83333 0.0980 | -0.0975
  1 -0.5 +1.00 | -1.20857 0.1087 (deg 1) | -0.62692 0.2695 | -0.88686 (3.0) 0.0780 | -0.83333 0.0602 | -0.4694
  1 -0.5 -0.20 | -1.11993 0.0692 (deg 1) | -0.96351 0.7685 | -1.01234 (1.0) 0.2930 | -0.83333 0.0968 | +0.2237
  1 -0.5 -0.50 | -1.20559 0.1046 (deg 1) | -1.04765 0.7972 | -1.06805 (0.3) 0.6473 | -0.83333 0.0861 | +0.3483
  1 +0.5 +0.00 | -1.51543 0.0759 (deg 1) | -1.27037 0.7228 | -1.38799 (1.0) 0.2923 | -1.16667 0.1016 | +0.1417
  1 +0.5 +0.20 | -1.49291 0.0652 (deg 1) | -1.21427 0.6806 | -1.36707 (1.0) 0.2865 | -1.16667 0.1031 | +0.0830
  1 +0.5 +0.50 | -1.48239 0.0557 (deg 1) | -1.13013 0.6043 | -1.33569 (1.0) 0.2695 | -1.16667 0.1020 | -0.0162
  1 +0.5 +1.00 | -1.54519 0.0764 (deg 1) | -0.98988 0.4310 | -1.28340 (1.0) 0.2094 | -1.16667 0.0855 | -0.2526
  1 +0.5 -0.20 | -1.54949 0.0900 (deg 1) | -1.32647 0.7573 | -1.40890 (1.0) 0.2942 | -1.16667 0.0988 | +0.1990
  1 +0.5 -0.50 | -1.62227 0.1192 (deg 1) | -1.41062 0.7911 | -1.44688 (0.3) 0.6470 | -1.16667 0.0922 | +0.2868
done 9s
