V4 disc: L=128 T=3000 c_m=0.4 eps=0.01 p_e=0.5 u_E=0.05 D_E=0.8; records0=197 exc0=834
    t   N_rec  R_front  h_inner  ev/site/tick(inner)  ev/site/tick(all)  form/tick  move/tick  N_exc  frac sites w/ event in last 200
  300    3067    45.5   0.1936    6.149e-02          1.126e-02       9.57    174.84    553   0.3221
  600   11900    75.2   0.0920    5.473e-02          4.834e-02      29.44    762.52     34   0.9379
  900   15181    84.1   0.0529    2.687e-02          4.164e-02      10.94    671.29      0   0.9746
 1200   15683    84.2   0.0352    1.663e-02          2.098e-02       1.67    342.06      0   0.8900
 1500   15900    84.2   0.0269    1.179e-02          1.365e-02       0.72    222.99      0   0.7598
 1800   15998    84.2   0.0203    9.182e-03          1.036e-02       0.33    169.41      0   0.6567
 2100   16060    84.2   0.0170    6.989e-03          8.398e-03       0.21    137.38      0   0.5880
 2400   16113    84.2   0.0163    6.388e-03          7.031e-03       0.18    115.01      0   0.5048
 2700   16149    84.2   0.0144    6.082e-03          6.025e-03       0.12     98.59      0   0.4680
 3000   16181    84.2   0.0116    5.268e-03          5.315e-03       0.11     86.97      0   0.4282
