V1 sparse: L=128 T=3000 c_m=0.4 eps=0.01 p_e=0.5 u_E=0.05 D_E=0.8; records0=45 exc0=0
    t   N_rec  R_front  h_inner  ev/site/tick(inner)  ev/site/tick(all)  form/tick  move/tick  N_exc  frac sites w/ event in last 200
  300   11282    84.2   0.3474    3.920e-02          4.269e-02      37.46    662.01      0   0.9847
  600   16163    84.2   0.0151    3.429e-02          3.182e-02      16.27    505.11      0   0.8654
  900   16374    84.2   0.0011    2.035e-03          1.748e-03       0.70     27.94      0   0.0873
 1200   16384    84.2   0.0000    1.362e-04          6.002e-05       0.03      0.95      0   0.0027
 1500   16384    84.2   0.0000    0.000e+00          0.000e+00       0.00      0.00      0   0.0000
 1800   16384    84.2   0.0000    0.000e+00          0.000e+00       0.00      0.00      0   0.0000
 2100   16384    84.2   0.0000    0.000e+00          0.000e+00       0.00      0.00      0   0.0000
 2400   16384    84.2   0.0000    0.000e+00          0.000e+00       0.00      0.00      0   0.0000
 2700   16384    84.2   0.0000    0.000e+00          0.000e+00       0.00      0.00      0   0.0000
 3000   16384    84.2   0.0000    0.000e+00          0.000e+00       0.00      0.00      0   0.0000
