V5 disc: L=128 T=20000 c_m=0.4 eps=0.01 p_e=0.5 u_E=0.05 D_E=0.8; records0=197 exc0=834
    t   N_rec  R_front  h_inner  ev/site/tick(inner)  ev/site/tick(all)  form/tick  move/tick  N_exc  frac sites w/ event in last 200
 2000    6192    84.3   0.5995    6.200e-02          5.449e-02       3.00    889.77      6   1.0000
 4000    9528    84.2   0.4055    9.277e-02          9.233e-02       1.67   1511.10      1   1.0000
 6000   11762    84.2   0.2724    8.504e-02          8.646e-02       1.12   1415.50      2   1.0000
 8000   13310    84.2   0.1830    6.799e-02          6.926e-02       0.77   1134.01      1   0.9998
10000   14341    84.3   0.1174    4.941e-02          5.108e-02       0.52    836.36      0   0.9946
12000   14954    84.2   0.0856    3.604e-02          3.700e-02       0.31    605.95      0   0.9763
14000   15429    84.2   0.0571    2.680e-02          2.655e-02       0.24    434.77      1   0.9250
16000   15746    84.2   0.0398    1.813e-02          1.802e-02       0.16    295.15      0   0.7994
18000   15947    84.2   0.0274    1.325e-02          1.256e-02       0.10    205.69      0   0.6703
20000   16098    84.2   0.0199    9.292e-03          8.423e-03       0.08    137.92      1   0.5121
