V0 disc: L=128 T=3000 c_m=0.4 eps=0.01 p_e=0.5 u_E=0.05 D_E=0.8; records0=197 exc0=0
    t   N_rec  R_front  h_inner  ev/site/tick(inner)  ev/site/tick(all)  form/tick  move/tick  N_exc  frac sites w/ event in last 200
  300   15562    84.2   0.0476    5.851e-02          5.983e-02      51.22    928.97      0   0.9991
  600   16351    84.2   0.0016    6.114e-03          6.187e-03       2.63     98.74      0   0.2946
  900   16383    84.2   0.0000    1.732e-04          2.547e-04       0.11      4.07      0   0.0154
 1200   16384    84.2   0.0000    0.000e+00          5.493e-06       0.00      0.09      0   0.0000
 1500   16384    84.2   0.0000    0.000e+00          0.000e+00       0.00      0.00      0   0.0000
 1800   16384    84.2   0.0000    0.000e+00          0.000e+00       0.00      0.00      0   0.0000
 2100   16384    84.2   0.0000    0.000e+00          0.000e+00       0.00      0.00      0   0.0000
 2400   16384    84.2   0.0000    0.000e+00          0.000e+00       0.00      0.00      0   0.0000
 2700   16384    84.2   0.0000    0.000e+00          0.000e+00       0.00      0.00      0   0.0000
 3000   16384    84.2   0.0000    0.000e+00          0.000e+00       0.00      0.00      0   0.0000
