V2 disc: L=128 T=20000 c_m=0.4 eps=0.01 p_e=0.5 u_E=0.05 D_E=0.8; records0=197 exc0=0
    t   N_rec  R_front  h_inner  ev/site/tick(inner)  ev/site/tick(all)  form/tick  move/tick  N_exc  frac sites w/ event in last 200
 2000   16028    84.2   0.0192    2.434e-02          2.290e-02       7.92    367.28      0   0.6362
 4000   16250    84.2   0.0061    4.246e-03          5.127e-03       0.11     83.89      0   0.3048
 6000   16287    84.2   0.0048    2.500e-03          2.813e-03       0.02     46.06      0   0.2213
 8000   16303    84.2   0.0057    2.297e-03          2.169e-03       0.01     35.53      0   0.1878
10000   16325    84.2   0.0020    1.646e-03          1.656e-03       0.01     27.12      0   0.1420
12000   16333    84.2   0.0027    7.979e-04          1.350e-03       0.00     22.12      0   0.1186
14000   16339    84.2   0.0022    1.034e-03          1.181e-03       0.00     19.34      0   0.1052
16000   16344    84.2   0.0025    8.024e-04          1.045e-03       0.00     17.12      0   0.0963
18000   16346    84.2   0.0025    8.152e-04          9.462e-04       0.00     15.50      0   0.0873
20000   16350    84.2   0.0023    7.284e-04          8.817e-04       0.00     14.44      0   0.0814
