V3 disc: L=128 T=20000 c_m=0.4 eps=0.01 p_e=0.5 u_E=0.05 D_E=0.8; records0=197 exc0=834
    t   N_rec  R_front  h_inner  ev/site/tick(inner)  ev/site/tick(all)  form/tick  move/tick  N_exc  frac sites w/ event in last 200
 2000    1031    80.6   0.9181    2.442e-02          1.490e-02       0.42    243.67      0   0.8804
 4000    1031    82.3   0.9204    2.621e-02          2.043e-02       0.00    334.67      0   0.8873
 6000    1031    83.2   0.9280    2.394e-02          2.050e-02       0.00    335.87      0   0.9000
 8000    1031    81.2   0.9309    2.326e-02          2.054e-02       0.00    336.58      0   0.8989
10000    1031    83.0   0.9339    2.191e-02          2.050e-02       0.00    335.86      0   0.8944
12000    1031    85.4   0.9338    2.112e-02          2.052e-02       0.00    336.26      0   0.9091
14000    1031    84.0   0.9325    2.081e-02          2.052e-02       0.00    336.19      0   0.9014
16000    1031    83.4   0.9366    2.089e-02          2.049e-02       0.00    335.78      0   0.8973
18000    1031    84.2   0.9363    2.028e-02          2.057e-02       0.00    336.99      0   0.8975
20000    1031    84.2   0.9376    2.052e-02          2.052e-02       0.00    336.27      0   0.9003
