V1 disc: L=128 T=3000 c_m=0.4 eps=0.01 p_e=0.5 u_E=0.05 D_E=0.8; records0=197 exc0=0
    t   N_rec  R_front  h_inner  ev/site/tick(inner)  ev/site/tick(all)  form/tick  move/tick  N_exc  frac sites w/ event in last 200
  300    2001    35.1   0.1264    5.755e-02          6.958e-03       6.01    107.99      0   0.2031
  600    8140    60.8   0.0235    3.682e-02          2.646e-02      20.46    413.12      0   0.6454
  900   15171    81.6   0.0035    8.247e-03          3.527e-02      23.44    554.37      0   0.7875
 1200   16334    84.2   0.0002    5.042e-04          7.983e-03       3.88    126.91      0   0.2849
 1500   16384    84.2   0.0000    2.210e-05          2.799e-04       0.17      4.42      0   0.0060
 1800   16384    84.2   0.0000    0.000e+00          0.000e+00       0.00      0.00      0   0.0000
 2100   16384    84.2   0.0000    0.000e+00          0.000e+00       0.00      0.00      0   0.0000
 2400   16384    84.2   0.0000    0.000e+00          0.000e+00       0.00      0.00      0   0.0000
 2700   16384    84.2   0.0000    0.000e+00          0.000e+00       0.00      0.00      0   0.0000
 3000   16384    84.2   0.0000    0.000e+00          0.000e+00       0.00      0.00      0   0.0000
