V3 sparse: L=128 T=5000 c_m=0.4 eps=0.01 p_e=0.5 u_E=0.05 D_E=0.8; records0=45 exc0=820
    t   N_rec  R_front  h_inner  ev/site/tick(inner)  ev/site/tick(all)  form/tick  move/tick  N_exc  frac sites w/ event in last 200
  500     865    83.7   0.9486    1.250e-02          1.290e-02       1.64    209.64      0   0.8322
 1000     865    82.8   0.9489    1.696e-02          1.735e-02       0.00    284.29      0   0.8429
 1500     865    83.3   0.9449    1.730e-02          1.735e-02       0.00    284.23      0   0.8566
 2000     865    82.9   0.9479    1.781e-02          1.734e-02       0.00    284.09      0   0.8499
 2500     865    82.5   0.9451    1.818e-02          1.737e-02       0.00    284.64      0   0.8484
 3000     865    83.1   0.9463    1.794e-02          1.734e-02       0.00    284.14      0   0.8603
 3500     865    84.0   0.9464    1.783e-02          1.739e-02       0.00    284.98      0   0.8613
 4000     865    83.7   0.9447    1.821e-02          1.741e-02       0.00    285.17      0   0.8513
 4500     865    83.1   0.9448    1.840e-02          1.736e-02       0.00    284.40      0   0.8553
 5000     865    84.5   0.9416    1.880e-02          1.735e-02       0.00    284.28      0   0.8506
