AUTHORITY, ENCODING, AND LAW
FAIL Cycle-178 review note exists :: 
PASS the five lanes use exactly the retained orthogonal literal roles :: ('H0', 'H1')
PASS the two-value recurrent delta is compact and deterministic :: (12, 288, 101996, 0)

SINGLE-LANE CERTIFICATES
PASS both H0 and H1 close through G4 with one exact lineage :: {'H0': None, 'H1': None}
PASS both literal values retain the Cycle-172 steady causal ratio :: {'H0': {'payloads': ((-8, 3, -1), (-9, 3, -1), (-10, 3, -1), (-11, 3, -1), (-12, 3, -1), (-13, 3, -1), (-14, 3, -1), (-15, 3, -1), (-16, 3, -1), (-17, 3, -1), (-18, 3, -1), (-19, 3, -1), (-20, 3, -1), (-21, 3, -1), (-22, 3, -1), (-23, 3, -1), (-24, 3, -1), (-25, 3, -1), (-26, 3, -1)), 'row_parent': {(-9, 3, -1): ((-8, 3, -1),), (-10, 3, -1): ((-9, 3, -1),), (-11, 3, -1): ((-10, 3, -1),), (-12, 3, -1): ((-11, 3, -1),), (-13, 3, -1): ((-12, 3, -1),), (-14, 3, -1): ((-13, 3, -1),), (-15, 3, -1): ((-14, 3, -1),), (-16, 3, -1): ((-15, 3, -1),), (-17, 3, -1): ((-16, 3, -1),), (-18, 3, -1): ((-17, 3, -1),), (-19, 3, -1): ((-18, 3, -1),), (-20, 3, -1): ((-19, 3, -1),), (-21, 3, -1): ((-20, 3, -1),), (-22, 3, -1): ((-21, 3, -1),), (-23, 3, -1): ((-22, 3, -1),), (-24, 3, -1): ((-23, 3, -1),), (-25, 3, -1): ((-24, 3, -1),), (-26, 3, -1): ((-25, 3, -1),)}, 'children': {(-8, 3, -1): [(-9, 3, -1)], (-9, 3, -1): [(-10, 3, -1)], (-10, 3, -1): [(-11, 3, -1)], (-11, 3, -1): [(-12, 3, -1)], (-12, 3, -1): [(-13, 3, -1)], (-13, 3, -1): [(-14, 3, -1)], (-14, 3, -1): [(-15, 3, -1)], (-15, 3, -1): [(-16, 3, -1)], (-16, 3, -1): [(-17, 3, -1)], (-17, 3, -1): [(-18, 3, -1)], (-18, 3, -1): [(-19, 3, -1)], (-19, 3, -1): [(-20, 3, -1)], (-20, 3, -1): [(-21, 3, -1)], (-21, 3, -1): [(-22, 3, -1)], (-22, 3, -1): [(-23, 3, -1)], (-23, 3, -1): [(-24, 3, -1)], (-24, 3, -1): [(-25, 3, -1)], (-25, 3, -1): [(-26, 3, -1)], (-26, 3, -1): []}, 'degree_failures': (), 'generation_depths': (0, 19, 71, 123, 175), 'depth_increments': (19, 52, 52, 52), 'displacement': (4, 4, 4, 4), 'startup_ratio': Fraction(4, 19), 'steady_ratios': (Fraction(1, 13), Fraction(1, 13), Fraction(1, 13))}, 'H1': {'payloads': ((-8, 3, -1), (-9, 3, -1), (-10, 3, -1), (-11, 3, -1), (-12, 3, -1), (-13, 3, -1), (-14, 3, -1), (-15, 3, -1), (-16, 3, -1), (-17, 3, -1), (-18, 3, -1), (-19, 3, -1), (-20, 3, -1), (-21, 3, -1), (-22, 3, -1), (-23, 3, -1), (-24, 3, -1), (-25, 3, -1), (-26, 3, -1)), 'row_parent': {(-9, 3, -1): ((-8, 3, -1),), (-10, 3, -1): ((-9, 3, -1),), (-11, 3, -1): ((-10, 3, -1),), (-12, 3, -1): ((-11, 3, -1),), (-13, 3, -1): ((-12, 3, -1),), (-14, 3, -1): ((-13, 3, -1),), (-15, 3, -1): ((-14, 3, -1),), (-16, 3, -1): ((-15, 3, -1),), (-17, 3, -1): ((-16, 3, -1),), (-18, 3, -1): ((-17, 3, -1),), (-19, 3, -1): ((-18, 3, -1),), (-20, 3, -1): ((-19, 3, -1),), (-21, 3, -1): ((-20, 3, -1),), (-22, 3, -1): ((-21, 3, -1),), (-23, 3, -1): ((-22, 3, -1),), (-24, 3, -1): ((-23, 3, -1),), (-25, 3, -1): ((-24, 3, -1),), (-26, 3, -1): ((-25, 3, -1),)}, 'children': {(-8, 3, -1): [(-9, 3, -1)], (-9, 3, -1): [(-10, 3, -1)], (-10, 3, -1): [(-11, 3, -1)], (-11, 3, -1): [(-12, 3, -1)], (-12, 3, -1): [(-13, 3, -1)], (-13, 3, -1): [(-14, 3, -1)], (-14, 3, -1): [(-15, 3, -1)], (-15, 3, -1): [(-16, 3, -1)], (-16, 3, -1): [(-17, 3, -1)], (-17, 3, -1): [(-18, 3, -1)], (-18, 3, -1): [(-19, 3, -1)], (-19, 3, -1): [(-20, 3, -1)], (-20, 3, -1): [(-21, 3, -1)], (-21, 3, -1): [(-22, 3, -1)], (-22, 3, -1): [(-23, 3, -1)], (-23, 3, -1): [(-24, 3, -1)], (-24, 3, -1): [(-25, 3, -1)], (-25, 3, -1): [(-26, 3, -1)], (-26, 3, -1): []}, 'degree_failures': (), 'generation_depths': (0, 19, 71, 123, 175), 'depth_increments': (19, 52, 52, 52), 'displacement': (4, 4, 4, 4), 'startup_ratio': Fraction(4, 19), 'steady_ratios': (Fraction(1, 13), Fraction(1, 13), Fraction(1, 13))}}

FIVE-LANE ALL-32 BUNDLE
PASS all 32 five-bit words close on five independent recurrent lanes :: (Counter({(1521, 3455, 18, 16, 0, 10): 32}), ())
PASS the encoded word has five disjoint payload lineages and five endpoints :: ((), ((-26, 3, -1), (-26, 203, -1), (-26, 403, -1), (-26, 603, -1), (-26, 803, -1)), ())
PASS the literal word is conserved without any 32-valued payload record :: set()

DECODER-FACING PORT CONTRACT
PASS the five seed and endpoint sites are disjoint and ordered :: (((-8, 3, -1), (-8, 203, -1), (-8, 403, -1), (-8, 603, -1), (-8, 803, -1)), ((-24, 3, -1), (-24, 203, -1), (-24, 403, -1), (-24, 603, -1), (-24, 803, -1)), ((-26, 3, -1), (-26, 203, -1), (-26, 403, -1), (-26, 603, -1), (-26, 803, -1)))

SCOPE
FAIL review note states the five-rail cost and physical scope :: 

ACCOUNTING
BIT_ROLES ('H0', 'H1')
LANE_SPACING 200
SEED_SITES ((-8, 3, -1), (-8, 203, -1), (-8, 403, -1), (-8, 603, -1), (-8, 803, -1))
G4_SITES ((-24, 3, -1), (-24, 203, -1), (-24, 403, -1), (-24, 603, -1), (-24, 803, -1))
ENDPOINT_SITES ((-26, 3, -1), (-26, 203, -1), (-26, 403, -1), (-26, 603, -1), (-26, 803, -1))
PROPAGATION_DIRECTION (-1, 0, 0)
BIT_CARRIER 12 288 101996
BUNDLE_SHAPES Counter({(1521, 3455, 18, 16, 0, 10): 32})
PASS 8 FAIL 2
RESULT CYCLE178_OPEN
