  done L=16 TT [0s]  dVol=-41.2467 dS=-3.11891 Ia2=0.01649
  done L=16 CF [0s]  dVol=77.9999 dS=9.35965 Ia2=0.24455
  done L=32 TT [2s]  dVol=-656.7248 dS=-12.59654 Ia2=0.01649
  done L=32 CF [2s]  dVol=1294.9565 dS=37.80143 Ia2=0.24455
  done L=64 TT [124s]  dVol=-10494.8969 dS=-50.50763 Ia2=0.01649
  done L=64 CF [125s]  dVol=20908.3824 dS=151.57031 Ia2=0.24455

=== RAW ratio ===
  s*kappa^2 |    TT L16     L32     L64   Rich(32,64)  Rich(16,32,64) |    CF L16     L32     L64   Rich(32,64)  Rich(16,32,64)
     0.0386 | 131.6913  9.3151  0.8708    -1.9439      0.0250   | -87.0099 48.2012  4.1642   -10.5148    -17.4339  |
     0.0482 | 122.4654 -1.3313  0.9628     1.7275      4.6824   | -41.5478 29.9972  2.7074    -6.3892    -10.4049  |
     0.0578 | 101.2153 -2.1535  0.9847     2.0308      4.6068   | -13.1693 18.6592  2.0630    -3.4691     -5.6516  |
     0.0771 |  59.5312 -0.3068  0.9913     1.4240      2.8691   |  12.9862  8.3023  1.5423    -0.7110     -1.2078  |
     0.0964 |  31.8279  0.5768  0.9898     1.1274      1.8586   |  19.6210  4.6891  1.3510     0.2382      0.2733  |
     0.1253 |  11.1722  0.9055  0.9864     1.0134      1.2488   |  18.0349  2.7912  1.2392     0.7218      0.9226  |
     0.1542 |   3.4647  0.9659  0.9833     0.9892      1.0462   |  13.7586  2.0933  1.1973     0.8986      1.0782  |
     0.1928 |   0.6612  0.9795  0.9795     0.9796      0.9725   |   9.0716  1.7012  1.1782     1.0039      1.1212  |
     0.2410 |   0.4042  0.9780  0.9750     0.9740      0.9609   |   5.6153  1.4985  1.1766     1.0692      1.1321  |
     0.3084 |   0.7391  0.9714  0.9687     0.9678      0.9624   |   3.4257  1.3894  1.1891     1.1223      1.1497  |
     0.3855 |   0.9149  0.9636  0.9616     0.9609      0.9596   |   2.4622  1.3484  1.2109     1.1651      1.1776  |
     0.4819 |   0.9615  0.9543  0.9527     0.9522      0.9522   |   1.9984  1.3402  1.2419     1.2092      1.2151  |
     0.6169 |   0.9559  0.9404  0.9393     0.9389      0.9391   |   1.7586  1.3573  1.2869     1.2635      1.2661  |

=== raw - s^2 Int a2 (continuum, not fitted) ===
  s*kappa^2 |    TT L16     L32     L64   Rich(32,64)  Rich(16,32,64) |    CF L16     L32     L64   Rich(32,64)  Rich(16,32,64)
     0.0386 | 131.6953  9.3190  0.8748    -1.9400      0.0289   | -87.0295 48.1818  4.1449   -10.5341    -17.4532  |
     0.0482 | 122.4704 -1.3264  0.9677     1.7324      4.6873   | -41.5723 29.9730  2.6832    -6.4134    -10.4290  |
     0.0578 | 101.2213 -2.1476  0.9906     2.0367      4.6127   | -13.1987 18.6301  2.0340    -3.4981     -5.6806  |
     0.0771 |  59.5391 -0.2989  0.9991     1.4318      2.8769   |  12.9470  8.2635  1.5036    -0.7497     -1.2465  |
     0.0964 |  31.8378  0.5866  0.9996     1.1372      1.8684   |  19.5720  4.6406  1.3026     0.1899      0.2250  |
     0.1253 |  11.1851  0.9182  0.9992     1.0261      1.2615   |  17.9712  2.7282  1.1763     0.6590      0.8598  |
     0.1542 |   3.4805  0.9816  0.9990     1.0048      1.0619   |  13.6802  2.0156  1.1198     0.8212      1.0008  |
     0.1928 |   0.6810  0.9991  0.9991     0.9991      0.9921   |   8.9736  1.6041  1.0814     0.9072      1.0245  |
     0.2410 |   0.4290  1.0026  0.9995     0.9984      0.9854   |   5.4928  1.3772  1.0555     0.9483      1.0112  |
     0.3084 |   0.7708  1.0029  1.0001     0.9991      0.9937   |   3.2690  1.2341  1.0342     0.9675      0.9949  |
     0.3855 |   0.9545  1.0029  1.0008     1.0000      0.9988   |   2.2662  1.1543  1.0173     0.9716      0.9842  |
     0.4819 |   1.0111  1.0034  1.0017     1.0011      1.0011   |   1.7535  1.0976  0.9999     0.9673      0.9732  |
     0.6169 |   1.0193  1.0033  1.0020     1.0015      1.0018   |   1.4451  1.0468  0.9771     0.9539      0.9566  |

=== raw - s^2 Int a2 - LDA ===
  s*kappa^2 |    TT L16     L32     L64   Rich(32,64)  Rich(16,32,64) |    CF L16     L32     L64   Rich(32,64)  Rich(16,32,64)
     0.0386 |   2.7231  1.4974  1.0131     0.8517      0.8359   |   2.9517  2.1204  1.3021     1.0293      0.9750  |
     0.0482 |   2.7392  1.3477  1.0051     0.8908      0.8913   |   2.4563  1.9327  1.2436     1.0139      0.9642  |
     0.0578 |   2.5920  1.2416  1.0014     0.9213      0.9300   |   2.3105  1.7853  1.2041     1.0104      0.9704  |
     0.0771 |   2.2199  1.1185  0.9986     0.9587      0.9725   |   2.3272  1.5937  1.1541     1.0075      0.9847  |
     0.0964 |   1.9335  1.0634  0.9979     0.9761      0.9896   |   2.3578  1.4791  1.1235     1.0050      0.9929  |
     0.1253 |   1.6689  1.0298  0.9978     0.9872      0.9986   |   2.2818  1.3725  1.0946     1.0020      0.9975  |
     0.1542 |   1.5062  1.0163  0.9981     0.9921      1.0013   |   2.1370  1.3045  1.0760     0.9998      0.9980  |
     0.1928 |   1.3560  1.0085  0.9986     0.9953      1.0021   |   1.9465  1.2440  1.0589     0.9973      0.9964  |
     0.2410 |   1.2294  1.0045  0.9992     0.9974      1.0019   |   1.7650  1.1937  1.0440     0.9941      0.9935  |
     0.3084 |   1.1286  1.0027  0.9999     0.9989      1.0015   |   1.5975  1.1467  1.0287     0.9893      0.9888  |
     0.3855 |   1.0749  1.0025  1.0007     1.0001      1.0015   |   1.4739  1.1095  1.0145     0.9828      0.9825  |
     0.4819 |   1.0464  1.0031  1.0017     1.0012      1.0020   |   1.3688  1.0746  0.9985     0.9731      0.9728  |
     0.6169 |   1.0314  1.0047  1.0032     1.0027      1.0032   |   1.2652  1.0350  0.9758     0.9561      0.9559  |

