dim=2 (event lattice Z^3) menu=fib100 beta=0.4 L=128 T=3000 T0=1500 seed=1; predecessors n=5; sigma^2=0.268657
memory table: level, |m|, m.e0
         1  0.5354  +0.5354
         2  0.3177  +0.3177
         3  0.1866  +0.1866
         4  0.1058  +0.1057
         5  0.0664  +0.0662
         7  0.0182  +0.0143
        10  0.0069  -0.0043
        14  0.0102  +0.0054
        20  0.0066  -0.0038
        28  0.0118  -0.0031
        39  0.0132  -0.0122
        55  0.0060  +0.0040
        76  0.0162  -0.0137
       107  0.0032  -0.0007
       149  0.0168  +0.0045
       208  0.0088  -0.0010
       290  0.0063  +0.0003
       405  0.0176  -0.0158
       566  0.0105  -0.0073
       790  0.0110  -0.0051
      1103  0.0048  -0.0031
      1539  0.0114  -0.0030
      2149  0.0058  -0.0026
      3000  0.0067  -0.0056
SUMMARY: dim=2 menu=fib100 beta=0.4 L=128 T=3000 plateau_|m|=0.0085 lowk_ratio=nan seconds=77
