dim=3 (event lattice Z^4) menu=fib20 beta=0.4 L=32 T=3000 T0=1500 seed=1; predecessors n=7; sigma^2=0.232243
memory table: level, |m|, m.e0
         1  0.6607  +0.6606
         2  0.4982  +0.4978
         3  0.3930  +0.3921
         4  0.3172  +0.3160
         5  0.2621  +0.2603
         7  0.1801  +0.1769
        10  0.1117  +0.1023
        14  0.0689  +0.0471
        20  0.0541  +0.0197
        28  0.0502  +0.0111
        39  0.0550  +0.0119
        55  0.0467  +0.0077
        76  0.0538  +0.0121
       107  0.0517  +0.0005
       149  0.0474  +0.0100
       208  0.0541  +0.0088
       290  0.0534  +0.0119
       405  0.0542  +0.0077
       566  0.0531  +0.0052
       790  0.0518  +0.0124
      1103  0.0451  +0.0132
      1539  0.0431  +0.0050
      2149  0.0481  +0.0159
      3000  0.0446  +0.0118
SUMMARY: dim=3 menu=fib20 beta=0.4 L=32 T=3000 plateau_|m|=0.0526 lowk_ratio=nan seconds=35
