dim=3 (event lattice Z^4) menu=fib20 beta=0.2 L=32 T=3000 T0=1500 seed=1; predecessors n=7; sigma^2=0.296578
memory table: level, |m|, m.e0
         1  0.4167  +0.4166
         2  0.1911  +0.1909
         3  0.0913  +0.0905
         4  0.0458  +0.0423
         5  0.0298  +0.0249
         7  0.0190  +0.0060
        10  0.0215  +0.0062
        14  0.0252  +0.0005
        20  0.0220  +0.0010
        28  0.0191  +0.0034
        39  0.0198  +0.0042
        55  0.0124  +0.0012
        76  0.0216  +0.0063
       107  0.0179  +0.0002
       149  0.0179  +0.0047
       208  0.0248  +0.0008
       290  0.0176  +0.0013
       405  0.0177  +0.0052
       566  0.0177  -0.0012
       790  0.0159  +0.0040
      1103  0.0173  +0.0097
      1539  0.0195  +0.0025
      2149  0.0184  +0.0075
      3000  0.0145  +0.0042
SUMMARY: dim=3 menu=fib20 beta=0.2 L=32 T=3000 plateau_|m|=0.0191 lowk_ratio=nan seconds=35
