dim=2 (event lattice Z^3) menu=fib200 beta=0.2 L=128 T=3000 T0=1500 seed=1; predecessors n=5; sigma^2=0.313035
memory table: level, |m|, m.e0
         1  0.3107  +0.3105
         2  0.1006  +0.1005
         3  0.0326  +0.0317
         4  0.0134  +0.0045
         5  0.0061  -0.0051
         7  0.0034  +0.0021
        10  0.0058  +0.0024
        14  0.0048  +0.0039
        20  0.0181  -0.0152
        28  0.0092  +0.0082
        39  0.0055  +0.0002
        55  0.0056  -0.0017
        76  0.0035  +0.0023
       107  0.0101  +0.0007
       149  0.0163  -0.0062
       208  0.0105  +0.0079
       290  0.0086  -0.0001
       405  0.0113  -0.0088
       566  0.0052  +0.0051
       790  0.0067  -0.0040
      1103  0.0096  -0.0075
      1539  0.0018  -0.0018
      2149  0.0100  +0.0005
      3000  0.0124  -0.0002
SUMMARY: dim=2 menu=fib200 beta=0.2 L=128 T=3000 plateau_|m|=0.0078 lowk_ratio=nan seconds=194
