dim=3 (event lattice Z^4) menu=fib200 beta=0.2 L=32 T=3000 T0=1500 seed=1; predecessors n=7; sigma^2=0.296578
memory table: level, |m|, m.e0
         1  0.4122  +0.4122
         2  0.1841  +0.1839
         3  0.0813  +0.0810
         4  0.0362  +0.0356
         5  0.0172  +0.0160
         7  0.0072  +0.0062
        10  0.0120  -0.0070
        14  0.0024  +0.0016
        20  0.0097  +0.0015
        28  0.0052  -0.0022
        39  0.0043  +0.0002
        55  0.0080  -0.0026
        76  0.0081  -0.0022
       107  0.0044  +0.0018
       149  0.0008  +0.0001
       208  0.0075  -0.0022
       290  0.0041  +0.0009
       405  0.0057  +0.0002
       566  0.0055  +0.0036
       790  0.0064  +0.0014
      1103  0.0100  -0.0076
      1539  0.0020  +0.0017
      2149  0.0082  +0.0036
      3000  0.0064  -0.0032
SUMMARY: dim=3 menu=fib200 beta=0.2 L=32 T=3000 plateau_|m|=0.0056 lowk_ratio=nan seconds=326
