dim=2 (event lattice Z^3) menu=axes6 beta=0.3 L=128 T=3000 T0=1500 seed=1; predecessors n=5; sigma^2=0.292083
memory table: level, |m|, m.e0
         1  0.4910  +0.4910
         2  0.2448  +0.2448
         3  0.1185  +0.1182
         4  0.0509  +0.0490
         5  0.0167  +0.0136
         7  0.0074  +0.0005
        10  0.0089  -0.0080
        14  0.0073  -0.0052
        20  0.0051  -0.0007
        28  0.0116  -0.0031
        39  0.0068  -0.0007
        55  0.0066  -0.0003
        76  0.0098  -0.0080
       107  0.0040  +0.0002
       149  0.0102  -0.0016
       208  0.0108  -0.0092
       290  0.0108  +0.0098
       405  0.0121  +0.0004
       566  0.0083  -0.0015
       790  0.0103  -0.0007
      1103  0.0091  +0.0043
      1539  0.0127  -0.0073
      2149  0.0012  +0.0002
      3000  0.0107  +0.0085
SUMMARY: dim=2 menu=axes6 beta=0.3 L=128 T=3000 plateau_|m|=0.0081 lowk_ratio=nan seconds=6
