dim=3 (event lattice Z^4) menu=fib200 beta=3.0 L=32 T=3000 T0=1500 seed=1; predecessors n=7; sigma^2=0.045351
memory table: level, |m|, m.e0
         1  0.9529  +0.9529
         2  0.9440  +0.9439
         3  0.9412  +0.9411
         4  0.9400  +0.9400
         5  0.9392  +0.9391
         7  0.9376  +0.9374
        10  0.9361  +0.9357
        14  0.9359  +0.9351
        20  0.9354  +0.9339
        28  0.9355  +0.9330
        39  0.9355  +0.9319
        55  0.9351  +0.9293
        76  0.9348  +0.9254
       107  0.9355  +0.9227
       149  0.9358  +0.9206
       208  0.9355  +0.9130
       290  0.9365  +0.9114
       405  0.9355  +0.9080
       566  0.9362  +0.9060
       790  0.9357  +0.9056
      1103  0.9352  +0.9077
      1539  0.9362  +0.9074
      2149  0.9356  +0.9046
      3000  0.9356  +0.9047
SUMMARY: dim=3 menu=fib200 beta=3.0 L=32 T=3000 plateau_|m|=0.9357 lowk_ratio=nan seconds=323
