dim=3 (event lattice Z^4) menu=fib200 beta=0.3 L=32 T=3000 T0=1500 seed=1; predecessors n=7; sigma^2=0.263932
memory table: level, |m|, m.e0
         1  0.5531  +0.5531
         2  0.3477  +0.3476
         3  0.2214  +0.2211
         4  0.1471  +0.1468
         5  0.0969  +0.0962
         7  0.0436  +0.0436
        10  0.0121  +0.0072
        14  0.0060  +0.0057
        20  0.0116  -0.0001
        28  0.0080  -0.0054
        39  0.0038  -0.0021
        55  0.0046  -0.0023
        76  0.0104  -0.0000
       107  0.0107  +0.0016
       149  0.0030  +0.0021
       208  0.0117  -0.0069
       290  0.0053  +0.0011
       405  0.0024  -0.0010
       566  0.0061  +0.0037
       790  0.0083  +0.0031
      1103  0.0133  -0.0103
      1539  0.0044  +0.0013
      2149  0.0076  +0.0029
      3000  0.0094  -0.0040
SUMMARY: dim=3 menu=fib200 beta=0.3 L=32 T=3000 plateau_|m|=0.0064 lowk_ratio=nan seconds=317
