dim=3 (event lattice Z^4) menu=fib200 beta=0.4 L=32 T=3000 T0=1500 seed=1; predecessors n=7; sigma^2=0.232243
memory table: level, |m|, m.e0
         1  0.6474  +0.6474
         2  0.4869  +0.4868
         3  0.3840  +0.3839
         4  0.3087  +0.3086
         5  0.2531  +0.2529
         7  0.1752  +0.1751
        10  0.0915  +0.0914
        14  0.0474  +0.0472
        20  0.0156  +0.0119
        28  0.0036  +0.0008
        39  0.0018  -0.0017
        55  0.0088  -0.0033
        76  0.0107  +0.0020
       107  0.0117  -0.0047
       149  0.0078  -0.0003
       208  0.0150  -0.0118
       290  0.0041  -0.0016
       405  0.0045  -0.0040
       566  0.0090  +0.0078
       790  0.0136  +0.0035
      1103  0.0140  -0.0076
      1539  0.0042  +0.0002
      2149  0.0118  +0.0070
      3000  0.0059  +0.0027
SUMMARY: dim=3 menu=fib200 beta=0.4 L=32 T=3000 plateau_|m|=0.0084 lowk_ratio=nan seconds=318
