dim=3 (event lattice Z^4) menu=fib100 beta=1.5 L=32 T=3000 T0=1500 seed=1; predecessors n=7; sigma^2=0.086168
memory table: level, |m|, m.e0
         1  0.9057  +0.9057
         2  0.8852  +0.8851
         3  0.8762  +0.8762
         4  0.8721  +0.8720
         5  0.8696  +0.8693
         7  0.8665  +0.8659
        10  0.8656  +0.8647
        14  0.8633  +0.8618
        20  0.8631  +0.8605
        28  0.8614  +0.8571
        39  0.8608  +0.8542
        55  0.8614  +0.8509
        76  0.8618  +0.8478
       107  0.8622  +0.8414
       149  0.8646  +0.8363
       208  0.8639  +0.8283
       290  0.8627  +0.8180
       405  0.8644  +0.8123
       566  0.8619  +0.8138
       790  0.8636  +0.8066
      1103  0.8606  +0.7983
      1539  0.8633  +0.8032
      2149  0.8611  +0.8024
      3000  0.8633  +0.8069
SUMMARY: dim=3 menu=fib100 beta=1.5 L=32 T=3000 plateau_|m|=0.8626 lowk_ratio=nan seconds=168
