dim=3 (event lattice Z^4) menu=fib200 beta=1.5 L=32 T=3000 T0=1500 seed=1; predecessors n=7; sigma^2=0.086168
memory table: level, |m|, m.e0
         1  0.9052  +0.9052
         2  0.8826  +0.8826
         3  0.8739  +0.8739
         4  0.8708  +0.8708
         5  0.8704  +0.8703
         7  0.8648  +0.8647
        10  0.8641  +0.8639
        14  0.8608  +0.8603
        20  0.8602  +0.8590
        28  0.8605  +0.8588
        39  0.8595  +0.8574
        55  0.8590  +0.8543
        76  0.8573  +0.8497
       107  0.8584  +0.8457
       149  0.8601  +0.8417
       208  0.8588  +0.8307
       290  0.8581  +0.8296
       405  0.8579  +0.8213
       566  0.8558  +0.8131
       790  0.8584  +0.8111
      1103  0.8590  +0.8116
      1539  0.8600  +0.8088
      2149  0.8589  +0.8019
      3000  0.8577  +0.8007
SUMMARY: dim=3 menu=fib200 beta=1.5 L=32 T=3000 plateau_|m|=0.8584 lowk_ratio=nan seconds=317
