dim=2 (event lattice Z^3) menu=fib200 beta=0.4 L=128 T=3000 T0=1500 seed=1; predecessors n=5; sigma^2=0.268657
memory table: level, |m|, m.e0
         1  0.5366  +0.5365
         2  0.3175  +0.3174
         3  0.1958  +0.1955
         4  0.1180  +0.1167
         5  0.0688  +0.0682
         7  0.0280  +0.0264
        10  0.0088  +0.0081
        14  0.0083  +0.0076
        20  0.0145  -0.0129
        28  0.0071  +0.0034
        39  0.0131  -0.0002
        55  0.0081  +0.0005
        76  0.0043  -0.0036
       107  0.0197  -0.0007
       149  0.0141  -0.0054
       208  0.0123  +0.0048
       290  0.0147  +0.0007
       405  0.0109  -0.0099
       566  0.0106  +0.0104
       790  0.0049  +0.0022
      1103  0.0071  -0.0028
      1539  0.0037  -0.0035
      2149  0.0103  -0.0044
      3000  0.0170  +0.0011
SUMMARY: dim=2 menu=fib200 beta=0.4 L=128 T=3000 plateau_|m|=0.0090 lowk_ratio=nan seconds=161
