dim=3 (event lattice Z^4) menu=edges12 beta=2.0 L=32 T=3000 T0=1500 seed=1; predecessors n=7; sigma^2=0.066327
memory table: level, |m|, m.e0
         1  0.9983  +0.9983
         2  0.9980  +0.9980
         3  0.9981  +0.9981
         4  0.9977  +0.9977
         5  0.9982  +0.9982
         7  0.9978  +0.9978
        10  0.9977  +0.9977
        14  0.9980  +0.9980
        20  0.9980  +0.9980
        28  0.9981  +0.9981
        39  0.9981  +0.9981
        55  0.9979  +0.9979
        76  0.9978  +0.9978
       107  0.9980  +0.9980
       149  0.9981  +0.9981
       208  0.9980  +0.9980
       290  0.9979  +0.9979
       405  0.9982  +0.9982
       566  0.9981  +0.9981
       790  0.9984  +0.9984
      1103  0.9985  +0.9985
      1539  0.9981  +0.9981
      2149  0.9981  +0.9981
      3000  0.9981  +0.9981
SUMMARY: dim=3 menu=edges12 beta=2.0 L=32 T=3000 plateau_|m|=0.9981 lowk_ratio=nan seconds=32
