dim=2 (event lattice Z^3) menu=fib20 beta=0.2 L=128 T=3000 T0=1500 seed=1; predecessors n=5; sigma^2=0.313035
memory table: level, |m|, m.e0
         1  0.3072  +0.3071
         2  0.0990  +0.0982
         3  0.0395  +0.0393
         4  0.0266  +0.0228
         5  0.0109  +0.0045
         7  0.0229  +0.0062
        10  0.0170  +0.0001
        14  0.0182  -0.0008
        20  0.0183  +0.0041
        28  0.0149  +0.0001
        39  0.0137  +0.0045
        55  0.0215  -0.0015
        76  0.0219  +0.0111
       107  0.0086  -0.0014
       149  0.0145  +0.0052
       208  0.0179  -0.0083
       290  0.0188  +0.0017
       405  0.0203  +0.0016
       566  0.0173  +0.0051
       790  0.0195  +0.0033
      1103  0.0177  +0.0078
      1539  0.0183  +0.0065
      2149  0.0195  +0.0020
      3000  0.0146  +0.0008
SUMMARY: dim=2 menu=fib20 beta=0.2 L=128 T=3000 plateau_|m|=0.0171 lowk_ratio=nan seconds=26
