dim=2 (event lattice Z^3) menu=fib50 beta=1.5 L=128 T=3000 T0=1500 seed=1; predecessors n=5; sigma^2=0.115556
memory table: level, |m|, m.e0
         1  0.8717  +0.8716
         2  0.8307  +0.8306
         3  0.8098  +0.8096
         4  0.7967  +0.7964
         5  0.7865  +0.7861
         7  0.7713  +0.7702
        10  0.7610  +0.7589
        14  0.7536  +0.7501
        20  0.7352  +0.7309
        28  0.7330  +0.7261
        39  0.7289  +0.7210
        55  0.7140  +0.7011
        76  0.7166  +0.6989
       107  0.7026  +0.6791
       149  0.6972  +0.6638
       208  0.6969  +0.6454
       290  0.6974  +0.6397
       405  0.6947  +0.6311
       566  0.7062  +0.6225
       790  0.7134  +0.6273
      1103  0.6970  +0.5941
      1539  0.7069  +0.6291
      2149  0.7001  +0.6252
      3000  0.7135  +0.6361
SUMMARY: dim=2 menu=fib50 beta=1.5 L=128 T=3000 plateau_|m|=0.7074 lowk_ratio=nan seconds=56
