dim=3 (event lattice Z^4) menu=axes6 beta=0.5 L=32 T=3000 T0=1500 seed=1; predecessors n=7; sigma^2=0.204603
memory table: level, |m|, m.e0
         1  0.8912  +0.8912
         2  0.8301  +0.8301
         3  0.7856  +0.7856
         4  0.7524  +0.7524
         5  0.7261  +0.7261
         7  0.6853  +0.6853
        10  0.6470  +0.6470
        14  0.6078  +0.6078
        20  0.5664  +0.5664
        28  0.5230  +0.5229
        39  0.4690  +0.4690
        55  0.3927  +0.3927
        76  0.3285  +0.3282
       107  0.2401  +0.2401
       149  0.1172  +0.1169
       208  0.0513  +0.0448
       290  0.0225  +0.0200
       405  0.0324  +0.0105
       566  0.0353  +0.0145
       790  0.0113  +0.0039
      1103  0.0260  +0.0173
      1539  0.0060  -0.0023
      2149  0.0090  -0.0035
      3000  0.0364  +0.0045
SUMMARY: dim=3 menu=axes6 beta=0.5 L=32 T=3000 plateau_|m|=0.0225 lowk_ratio=nan seconds=13
