dim=2 (event lattice Z^3) menu=corners8 beta=0.4 L=128 T=3000 T0=1500 seed=1; predecessors n=5; sigma^2=0.268657
memory table: level, |m|, m.e0
         1  0.5834  +0.5834
         2  0.3608  +0.3608
         3  0.2226  +0.2226
         4  0.1356  +0.1355
         5  0.0770  +0.0765
         7  0.0246  +0.0244
        10  0.0034  +0.0021
        14  0.0093  -0.0026
        20  0.0148  -0.0008
        28  0.0103  -0.0080
        39  0.0052  +0.0026
        55  0.0055  -0.0020
        76  0.0115  +0.0070
       107  0.0046  +0.0037
       149  0.0139  -0.0089
       208  0.0149  -0.0040
       290  0.0077  +0.0022
       405  0.0097  -0.0076
       566  0.0132  +0.0094
       790  0.0077  -0.0051
      1103  0.0131  +0.0081
      1539  0.0047  -0.0035
      2149  0.0113  -0.0103
      3000  0.0104  -0.0050
SUMMARY: dim=2 menu=corners8 beta=0.4 L=128 T=3000 plateau_|m|=0.0089 lowk_ratio=nan seconds=10
