dim=2 (event lattice Z^3) menu=fib20 beta=1.5 L=128 T=3000 T0=1500 seed=1; predecessors n=5; sigma^2=0.115556
memory table: level, |m|, m.e0
         1  0.9027  +0.9026
         2  0.8643  +0.8641
         3  0.8458  +0.8455
         4  0.8323  +0.8317
         5  0.8231  +0.8223
         7  0.8103  +0.8085
        10  0.7975  +0.7950
        14  0.7926  +0.7892
        20  0.7855  +0.7782
        28  0.7827  +0.7714
        39  0.7760  +0.7602
        55  0.7720  +0.7487
        76  0.7656  +0.7387
       107  0.7656  +0.7297
       149  0.7712  +0.7290
       208  0.7776  +0.7324
       290  0.7796  +0.7245
       405  0.7776  +0.7094
       566  0.7792  +0.7233
       790  0.7790  +0.7215
      1103  0.7808  +0.7183
      1539  0.7748  +0.7097
      2149  0.7781  +0.7255
      3000  0.7777  +0.7127
SUMMARY: dim=2 menu=fib20 beta=1.5 L=128 T=3000 plateau_|m|=0.7766 lowk_ratio=nan seconds=17
