dim=2 (event lattice Z^3) menu=axes6 beta=0.75 L=128 T=3000 T0=1500 seed=1; predecessors n=5; sigma^2=0.195851
memory table: level, |m|, m.e0
         1  0.9141  +0.9141
         2  0.8618  +0.8618
         3  0.8260  +0.8260
         4  0.7999  +0.7999
         5  0.7756  +0.7756
         7  0.7391  +0.7391
        10  0.6870  +0.6870
        14  0.6329  +0.6328
        20  0.5710  +0.5709
        28  0.4916  +0.4914
        39  0.4021  +0.4016
        55  0.3178  +0.3168
        76  0.2142  +0.2141
       107  0.1086  +0.1085
       149  0.0545  +0.0436
       208  0.0297  +0.0153
       290  0.0329  +0.0209
       405  0.0249  -0.0182
       566  0.0461  +0.0093
       790  0.0175  +0.0159
      1103  0.0319  +0.0140
      1539  0.0228  -0.0174
      2149  0.0311  +0.0234
      3000  0.0226  -0.0001
SUMMARY: dim=2 menu=axes6 beta=0.75 L=128 T=3000 plateau_|m|=0.0288 lowk_ratio=nan seconds=6
