dim=2 (event lattice Z^3) menu=edges12 beta=0.3 L=128 T=3000 T0=1500 seed=1; predecessors n=5; sigma^2=0.292083
memory table: level, |m|, m.e0
         1  0.4419  +0.4418
         2  0.2054  +0.2051
         3  0.0956  +0.0953
         4  0.0480  +0.0479
         5  0.0252  +0.0251
         7  0.0024  +0.0013
        10  0.0059  +0.0046
        14  0.0102  +0.0019
        20  0.0050  +0.0032
        28  0.0148  +0.0054
        39  0.0056  +0.0031
        55  0.0094  +0.0034
        76  0.0108  -0.0058
       107  0.0027  +0.0009
       149  0.0047  -0.0016
       208  0.0074  +0.0058
       290  0.0064  -0.0029
       405  0.0069  +0.0043
       566  0.0096  -0.0067
       790  0.0151  +0.0032
      1103  0.0132  +0.0121
      1539  0.0102  +0.0066
      2149  0.0052  -0.0019
      3000  0.0057  +0.0046
SUMMARY: dim=2 menu=edges12 beta=0.3 L=128 T=3000 plateau_|m|=0.0081 lowk_ratio=nan seconds=10
