dim=2 (event lattice Z^3) menu=edges12 beta=0.75 L=128 T=3000 T0=1500 seed=1; predecessors n=5; sigma^2=0.195851
memory table: level, |m|, m.e0
         1  0.7765  +0.7765
         2  0.6563  +0.6563
         3  0.5769  +0.5769
         4  0.5156  +0.5154
         5  0.4714  +0.4713
         7  0.3965  +0.3964
        10  0.3140  +0.3139
        14  0.2349  +0.2348
        20  0.1606  +0.1606
        28  0.1026  +0.1022
        39  0.0378  +0.0355
        55  0.0400  +0.0340
        76  0.0190  +0.0103
       107  0.0302  +0.0030
       149  0.0151  +0.0021
       208  0.0359  +0.0135
       290  0.0196  -0.0059
       405  0.0279  +0.0148
       566  0.0239  -0.0006
       790  0.0265  -0.0147
      1103  0.0287  +0.0136
      1539  0.0199  +0.0018
      2149  0.0244  +0.0123
      3000  0.0203  -0.0106
SUMMARY: dim=2 menu=edges12 beta=0.75 L=128 T=3000 plateau_|m|=0.0172 lowk_ratio=nan seconds=11
