dim=2 (event lattice Z^3) menu=edges12 beta=1.5 L=128 T=3000 T0=1500 seed=1; predecessors n=5; sigma^2=0.115556
memory table: level, |m|, m.e0
         1  0.9560  +0.9560
         2  0.9376  +0.9376
         3  0.9283  +0.9283
         4  0.9226  +0.9226
         5  0.9172  +0.9172
         7  0.9147  +0.9147
        10  0.9097  +0.9096
        14  0.9070  +0.9070
        20  0.9068  +0.9067
        28  0.9082  +0.9082
        39  0.9092  +0.9092
        55  0.9038  +0.9038
        76  0.9097  +0.9096
       107  0.9079  +0.9079
       149  0.9094  +0.9094
       208  0.9056  +0.9056
       290  0.9062  +0.9062
       405  0.9038  +0.9038
       566  0.9082  +0.9081
       790  0.9089  +0.9088
      1103  0.9074  +0.9074
      1539  0.9077  +0.9077
      2149  0.9059  +0.9059
      3000  0.9087  +0.9087
SUMMARY: dim=2 menu=edges12 beta=1.5 L=128 T=3000 plateau_|m|=0.9064 lowk_ratio=nan seconds=14
