dim=3 (event lattice Z^4) menu=corners8 beta=0.3 L=32 T=3000 T0=1500 seed=1; predecessors n=7; sigma^2=0.263932
memory table: level, |m|, m.e0
         1  0.6053  +0.6053
         2  0.3843  +0.3843
         3  0.2479  +0.2478
         4  0.1601  +0.1600
         5  0.0987  +0.0987
         7  0.0400  +0.0398
        10  0.0124  +0.0111
        14  0.0080  +0.0003
        20  0.0041  +0.0028
        28  0.0055  -0.0016
        39  0.0078  +0.0051
        55  0.0049  +0.0017
        76  0.0031  +0.0026
       107  0.0097  +0.0000
       149  0.0046  -0.0020
       208  0.0085  +0.0025
       290  0.0060  +0.0028
       405  0.0030  +0.0023
       566  0.0048  +0.0038
       790  0.0043  +0.0020
      1103  0.0045  -0.0028
      1539  0.0068  +0.0039
      2149  0.0082  +0.0005
      3000  0.0087  -0.0012
SUMMARY: dim=3 menu=corners8 beta=0.3 L=32 T=3000 plateau_|m|=0.0065 lowk_ratio=nan seconds=16
