dim=3 (event lattice Z^4) menu=edges12 beta=0.75 L=32 T=3000 T0=1500 seed=1; predecessors n=7; sigma^2=0.154206
memory table: level, |m|, m.e0
         1  0.8791  +0.8791
         2  0.8250  +0.8249
         3  0.7930  +0.7930
         4  0.7750  +0.7749
         5  0.7617  +0.7617
         7  0.7458  +0.7458
        10  0.7342  +0.7342
        14  0.7319  +0.7319
        20  0.7266  +0.7266
        28  0.7209  +0.7209
        39  0.7167  +0.7166
        55  0.7189  +0.7189
        76  0.7139  +0.7138
       107  0.7165  +0.7163
       149  0.7178  +0.7178
       208  0.7197  +0.7197
       290  0.7131  +0.7127
       405  0.7118  +0.7102
       566  0.7106  +0.7053
       790  0.7087  +0.6854
      1103  0.6993  +0.6020
      1539  0.6982  +0.5767
      2149  0.6970  +0.5670
      3000  0.6976  +0.5660
SUMMARY: dim=3 menu=edges12 beta=0.75 L=32 T=3000 plateau_|m|=0.6994 lowk_ratio=nan seconds=24
