dim=2 (event lattice Z^3) menu=fib50 beta=0.5 L=128 T=3000 T0=1500 seed=1; predecessors n=5; sigma^2=0.245427
memory table: level, |m|, m.e0
         1  0.6140  +0.6139
         2  0.4230  +0.4229
         3  0.3009  +0.3009
         4  0.2195  +0.2195
         5  0.1575  +0.1575
         7  0.0809  +0.0809
        10  0.0361  +0.0342
        14  0.0092  -0.0003
        20  0.0086  -0.0060
        28  0.0101  +0.0096
        39  0.0048  -0.0033
        55  0.0047  -0.0020
        76  0.0120  -0.0058
       107  0.0078  -0.0029
       149  0.0111  +0.0066
       208  0.0105  -0.0012
       290  0.0048  +0.0044
       405  0.0085  -0.0080
       566  0.0132  +0.0120
       790  0.0088  -0.0006
      1103  0.0053  -0.0038
      1539  0.0075  +0.0029
      2149  0.0087  -0.0039
      3000  0.0053  -0.0051
SUMMARY: dim=2 menu=fib50 beta=0.5 L=128 T=3000 plateau_|m|=0.0098 lowk_ratio=nan seconds=64
