dim=3 (event lattice Z^4) menu=fib100 beta=6.0 L=32 T=3000 T0=1500 seed=1; predecessors n=7; sigma^2=0.023243
memory table: level, |m|, m.e0
         1  0.9839  +0.9839
         2  0.9801  +0.9801
         3  0.9791  +0.9790
         4  0.9783  +0.9782
         5  0.9781  +0.9779
         7  0.9776  +0.9773
        10  0.9773  +0.9767
        14  0.9776  +0.9767
        20  0.9770  +0.9756
        28  0.9770  +0.9749
        39  0.9766  +0.9736
        55  0.9761  +0.9724
        76  0.9760  +0.9704
       107  0.9760  +0.9689
       149  0.9756  +0.9652
       208  0.9757  +0.9630
       290  0.9757  +0.9602
       405  0.9758  +0.9586
       566  0.9756  +0.9607
       790  0.9758  +0.9575
      1103  0.9758  +0.9599
      1539  0.9763  +0.9588
      2149  0.9757  +0.9602
      3000  0.9756  +0.9600
SUMMARY: dim=3 menu=fib100 beta=6.0 L=32 T=3000 plateau_|m|=0.9759 lowk_ratio=nan seconds=162
