dim=3 (event lattice Z^4) menu=fib200 beta=2.0 L=32 T=3000 T0=1500 seed=1; predecessors n=7; sigma^2=0.066327
memory table: level, |m|, m.e0
         1  0.9290  +0.9290
         2  0.9144  +0.9144
         3  0.9087  +0.9087
         4  0.9068  +0.9068
         5  0.9049  +0.9048
         7  0.9024  +0.9021
        10  0.9007  +0.9003
        14  0.8999  +0.8992
        20  0.8987  +0.8972
        28  0.8998  +0.8977
        39  0.8980  +0.8952
        55  0.8983  +0.8938
        76  0.8973  +0.8891
       107  0.8983  +0.8859
       149  0.8990  +0.8812
       208  0.8988  +0.8721
       290  0.8976  +0.8714
       405  0.8982  +0.8593
       566  0.8968  +0.8582
       790  0.8985  +0.8613
      1103  0.8974  +0.8602
      1539  0.8994  +0.8631
      2149  0.8977  +0.8504
      3000  0.8977  +0.8529
SUMMARY: dim=3 menu=fib200 beta=2.0 L=32 T=3000 plateau_|m|=0.8984 lowk_ratio=nan seconds=316
