dim=2 (event lattice Z^3) menu=fib20 beta=0.4 L=128 T=3000 T0=1500 seed=1; predecessors n=5; sigma^2=0.268657
memory table: level, |m|, m.e0
         1  0.5440  +0.5440
         2  0.3274  +0.3266
         3  0.2030  +0.2026
         4  0.1377  +0.1362
         5  0.0865  +0.0838
         7  0.0458  +0.0348
        10  0.0231  +0.0117
        14  0.0320  -0.0009
        20  0.0324  +0.0104
        28  0.0221  -0.0002
        39  0.0267  +0.0107
        55  0.0292  +0.0081
        76  0.0332  +0.0100
       107  0.0204  +0.0059
       149  0.0223  +0.0106
       208  0.0215  -0.0034
       290  0.0302  -0.0008
       405  0.0260  -0.0003
       566  0.0286  +0.0090
       790  0.0222  +0.0058
      1103  0.0295  +0.0073
      1539  0.0301  +0.0009
      2149  0.0265  +0.0061
      3000  0.0219  +0.0062
SUMMARY: dim=2 menu=fib20 beta=0.4 L=128 T=3000 plateau_|m|=0.0265 lowk_ratio=nan seconds=17
