dim=3 (event lattice Z^4) menu=fib100 beta=3.0 L=32 T=3000 T0=1500 seed=1; predecessors n=7; sigma^2=0.045351
memory table: level, |m|, m.e0
         1  0.9558  +0.9557
         2  0.9473  +0.9472
         3  0.9445  +0.9444
         4  0.9429  +0.9427
         5  0.9415  +0.9412
         7  0.9410  +0.9404
        10  0.9400  +0.9389
        14  0.9399  +0.9383
        20  0.9392  +0.9365
        28  0.9397  +0.9352
        39  0.9383  +0.9314
        55  0.9387  +0.9279
        76  0.9399  +0.9250
       107  0.9401  +0.9211
       149  0.9400  +0.9152
       208  0.9397  +0.9153
       290  0.9392  +0.9135
       405  0.9402  +0.9143
       566  0.9392  +0.9160
       790  0.9397  +0.9157
      1103  0.9400  +0.9150
      1539  0.9395  +0.9140
      2149  0.9403  +0.9146
      3000  0.9402  +0.9162
SUMMARY: dim=3 menu=fib100 beta=3.0 L=32 T=3000 plateau_|m|=0.9395 lowk_ratio=nan seconds=164
