dim=2 (event lattice Z^3) menu=fib100 beta=2.0 L=128 T=3000 T0=1500 seed=1; predecessors n=5; sigma^2=0.090000
memory table: level, |m|, m.e0
         1  0.9004  +0.9004
         2  0.8735  +0.8735
         3  0.8603  +0.8602
         4  0.8504  +0.8502
         5  0.8467  +0.8465
         7  0.8369  +0.8364
        10  0.8268  +0.8260
        14  0.8200  +0.8187
        20  0.8170  +0.8154
        28  0.8100  +0.8078
        39  0.8031  +0.7998
        55  0.7924  +0.7861
        76  0.7838  +0.7733
       107  0.7888  +0.7746
       149  0.7862  +0.7694
       208  0.7765  +0.7503
       290  0.7783  +0.7317
       405  0.7767  +0.7287
       566  0.7791  +0.7253
       790  0.7601  +0.7005
      1103  0.7774  +0.6995
      1539  0.7691  +0.6865
      2149  0.7679  +0.6579
      3000  0.7707  +0.6931
SUMMARY: dim=2 menu=fib100 beta=2.0 L=128 T=3000 plateau_|m|=0.7721 lowk_ratio=nan seconds=82
