dim=3 (event lattice Z^4) menu=axes6 beta=1.0 L=32 T=3000 T0=1500 seed=1; predecessors n=7; sigma^2=0.122449
memory table: level, |m|, m.e0
         1  0.9965  +0.9965
         2  0.9964  +0.9964
         3  0.9961  +0.9961
         4  0.9956  +0.9956
         5  0.9964  +0.9964
         7  0.9958  +0.9958
        10  0.9969  +0.9969
        14  0.9957  +0.9957
        20  0.9958  +0.9958
        28  0.9960  +0.9960
        39  0.9958  +0.9958
        55  0.9966  +0.9966
        76  0.9963  +0.9963
       107  0.9961  +0.9961
       149  0.9965  +0.9965
       208  0.9961  +0.9961
       290  0.9957  +0.9957
       405  0.9963  +0.9963
       566  0.9952  +0.9952
       790  0.9957  +0.9957
      1103  0.9964  +0.9964
      1539  0.9955  +0.9955
      2149  0.9956  +0.9956
      3000  0.9957  +0.9957
SUMMARY: dim=3 menu=axes6 beta=1.0 L=32 T=3000 plateau_|m|=0.9961 lowk_ratio=nan seconds=14
