dim=2 (event lattice Z^3) menu=corners8 beta=1.0 L=128 T=3000 T0=1500 seed=1; predecessors n=5; sigma^2=0.160018
memory table: level, |m|, m.e0
         1  0.9319  +0.9319
         2  0.8997  +0.8997
         3  0.8806  +0.8806
         4  0.8687  +0.8687
         5  0.8612  +0.8612
         7  0.8459  +0.8459
        10  0.8319  +0.8319
        14  0.8299  +0.8298
        20  0.8219  +0.8219
        28  0.8265  +0.8265
        39  0.8173  +0.8173
        55  0.8178  +0.8177
        76  0.8146  +0.8145
       107  0.8128  +0.8128
       149  0.8174  +0.8174
       208  0.8178  +0.8178
       290  0.8140  +0.8140
       405  0.8110  +0.8110
       566  0.8113  +0.8112
       790  0.8115  +0.8115
      1103  0.8231  +0.8231
      1539  0.8065  +0.8064
      2149  0.8124  +0.8124
      3000  0.8163  +0.8162
SUMMARY: dim=2 menu=corners8 beta=1.0 L=128 T=3000 plateau_|m|=0.8095 lowk_ratio=nan seconds=8
