dim=2 (event lattice Z^3) menu=fib50 beta=0.3 L=128 T=3000 T0=1500 seed=1; predecessors n=5; sigma^2=0.292083
memory table: level, |m|, m.e0
         1  0.4414  +0.4413
         2  0.2047  +0.2046
         3  0.0918  +0.0918
         4  0.0468  +0.0464
         5  0.0224  +0.0220
         7  0.0100  +0.0037
        10  0.0078  +0.0011
        14  0.0120  -0.0106
        20  0.0039  -0.0036
        28  0.0139  +0.0120
        39  0.0084  -0.0018
        55  0.0042  -0.0040
        76  0.0047  -0.0006
       107  0.0076  -0.0025
       149  0.0107  +0.0032
       208  0.0123  -0.0080
       290  0.0099  +0.0093
       405  0.0042  +0.0017
       566  0.0121  +0.0106
       790  0.0043  +0.0022
      1103  0.0076  -0.0056
      1539  0.0025  -0.0005
      2149  0.0096  -0.0079
      3000  0.0077  -0.0067
SUMMARY: dim=2 menu=fib50 beta=0.3 L=128 T=3000 plateau_|m|=0.0079 lowk_ratio=nan seconds=43
