dim=3 (event lattice Z^4) menu=fib20 beta=0.75 L=32 T=3000 T0=1500 seed=1; predecessors n=7; sigma^2=0.154206
memory table: level, |m|, m.e0
         1  0.8323  +0.8322
         2  0.7724  +0.7721
         3  0.7394  +0.7387
         4  0.7217  +0.7207
         5  0.7117  +0.7102
         7  0.7061  +0.7038
        10  0.6931  +0.6878
        14  0.6897  +0.6799
        20  0.6882  +0.6700
        28  0.6844  +0.6567
        39  0.6910  +0.6500
        55  0.6933  +0.6361
        76  0.6902  +0.6226
       107  0.6923  +0.6096
       149  0.6875  +0.5957
       208  0.6877  +0.5906
       290  0.6906  +0.5944
       405  0.6885  +0.5937
       566  0.6894  +0.5967
       790  0.6880  +0.5891
      1103  0.6908  +0.5909
      1539  0.6866  +0.5818
      2149  0.6911  +0.5997
      3000  0.6851  +0.5929
SUMMARY: dim=3 menu=fib20 beta=0.75 L=32 T=3000 plateau_|m|=0.6900 lowk_ratio=nan seconds=35
