dim=3 (event lattice Z^4) menu=axes6 beta=1.5 L=32 T=3000 T0=1500 seed=1; predecessors n=7; sigma^2=0.086168
memory table: level, |m|, m.e0
         1  0.9998  +0.9998
         2  0.9999  +0.9999
         3  1.0000  +1.0000
         4  1.0000  +1.0000
         5  0.9998  +0.9998
         7  0.9999  +0.9999
        10  0.9999  +0.9999
        14  1.0000  +1.0000
        20  0.9998  +0.9998
        28  0.9998  +0.9998
        39  1.0000  +1.0000
        55  0.9998  +0.9998
        76  0.9999  +0.9999
       107  0.9999  +0.9999
       149  0.9999  +0.9999
       208  0.9999  +0.9999
       290  0.9999  +0.9999
       405  0.9998  +0.9998
       566  0.9999  +0.9999
       790  0.9999  +0.9999
      1103  0.9999  +0.9999
      1539  0.9999  +0.9999
      2149  0.9999  +0.9999
      3000  0.9999  +0.9999
SUMMARY: dim=3 menu=axes6 beta=1.5 L=32 T=3000 plateau_|m|=0.9999 lowk_ratio=nan seconds=13
