dim=3 (event lattice Z^4) menu=edges12 beta=1.5 L=32 T=3000 T0=1500 seed=1; predecessors n=7; sigma^2=0.086168
memory table: level, |m|, m.e0
         1  0.9903  +0.9903
         2  0.9881  +0.9881
         3  0.9878  +0.9878
         4  0.9874  +0.9874
         5  0.9881  +0.9881
         7  0.9876  +0.9876
        10  0.9867  +0.9867
        14  0.9874  +0.9874
        20  0.9876  +0.9876
        28  0.9882  +0.9882
        39  0.9876  +0.9876
        55  0.9877  +0.9877
        76  0.9872  +0.9872
       107  0.9871  +0.9871
       149  0.9883  +0.9883
       208  0.9879  +0.9879
       290  0.9874  +0.9874
       405  0.9882  +0.9882
       566  0.9881  +0.9881
       790  0.9883  +0.9883
      1103  0.9883  +0.9883
      1539  0.9883  +0.9883
      2149  0.9885  +0.9885
      3000  0.9879  +0.9879
SUMMARY: dim=3 menu=edges12 beta=1.5 L=32 T=3000 plateau_|m|=0.9878 lowk_ratio=nan seconds=27
