dim=2 (event lattice Z^3) menu=corners8 beta=2.0 L=128 T=3000 T0=1500 seed=1; predecessors n=5; sigma^2=0.090000
memory table: level, |m|, m.e0
         1  0.9975  +0.9975
         2  0.9976  +0.9976
         3  0.9972  +0.9972
         4  0.9974  +0.9974
         5  0.9976  +0.9976
         7  0.9971  +0.9971
        10  0.9977  +0.9977
        14  0.9974  +0.9974
        20  0.9968  +0.9968
        28  0.9965  +0.9965
        39  0.9972  +0.9972
        55  0.9968  +0.9968
        76  0.9969  +0.9969
       107  0.9977  +0.9977
       149  0.9972  +0.9972
       208  0.9975  +0.9975
       290  0.9969  +0.9969
       405  0.9974  +0.9974
       566  0.9972  +0.9972
       790  0.9976  +0.9976
      1103  0.9974  +0.9974
      1539  0.9971  +0.9971
      2149  0.9976  +0.9976
      3000  0.9969  +0.9969
SUMMARY: dim=2 menu=corners8 beta=2.0 L=128 T=3000 plateau_|m|=0.9972 lowk_ratio=nan seconds=7
