dim=2 (event lattice Z^3) menu=edges12 beta=0.5 L=128 T=3000 T0=1500 seed=1; predecessors n=5; sigma^2=0.245427
memory table: level, |m|, m.e0
         1  0.6305  +0.6305
         2  0.4426  +0.4424
         3  0.3133  +0.3132
         4  0.2301  +0.2300
         5  0.1656  +0.1654
         7  0.0855  +0.0853
        10  0.0399  +0.0395
        14  0.0222  +0.0143
        20  0.0041  +0.0033
        28  0.0172  +0.0069
        39  0.0148  +0.0015
        55  0.0145  +0.0059
        76  0.0056  -0.0003
       107  0.0013  -0.0009
       149  0.0065  +0.0063
       208  0.0100  +0.0031
       290  0.0043  -0.0031
       405  0.0122  +0.0085
       566  0.0146  -0.0050
       790  0.0163  +0.0044
      1103  0.0132  +0.0111
      1539  0.0087  -0.0014
      2149  0.0137  -0.0007
      3000  0.0021  -0.0009
SUMMARY: dim=2 menu=edges12 beta=0.5 L=128 T=3000 plateau_|m|=0.0098 lowk_ratio=nan seconds=13
