dim=2 (event lattice Z^3) menu=fib50 beta=0.2 L=128 T=3000 T0=1500 seed=1; predecessors n=5; sigma^2=0.313035
memory table: level, |m|, m.e0
         1  0.3197  +0.3195
         2  0.1044  +0.1043
         3  0.0281  +0.0281
         4  0.0175  +0.0155
         5  0.0062  +0.0031
         7  0.0091  -0.0019
        10  0.0052  -0.0015
        14  0.0128  -0.0111
        20  0.0013  +0.0011
        28  0.0127  +0.0111
        39  0.0037  -0.0025
        55  0.0025  -0.0003
        76  0.0053  -0.0030
       107  0.0072  -0.0053
       149  0.0100  +0.0024
       208  0.0094  -0.0074
       290  0.0104  +0.0086
       405  0.0017  -0.0009
       566  0.0168  +0.0135
       790  0.0038  +0.0031
      1103  0.0097  -0.0055
      1539  0.0035  -0.0031
      2149  0.0127  -0.0126
      3000  0.0057  -0.0039
SUMMARY: dim=2 menu=fib50 beta=0.2 L=128 T=3000 plateau_|m|=0.0074 lowk_ratio=nan seconds=40
