dim=3 (event lattice Z^4) menu=fib100 beta=0.4 L=32 T=3000 T0=1500 seed=1; predecessors n=7; sigma^2=0.232243
memory table: level, |m|, m.e0
         1  0.6497  +0.6497
         2  0.4844  +0.4844
         3  0.3765  +0.3765
         4  0.2966  +0.2965
         5  0.2373  +0.2373
         7  0.1616  +0.1615
        10  0.0869  +0.0868
        14  0.0405  +0.0397
        20  0.0102  +0.0075
        28  0.0069  -0.0005
        39  0.0058  -0.0004
        55  0.0114  -0.0048
        76  0.0146  +0.0097
       107  0.0077  -0.0052
       149  0.0048  -0.0036
       208  0.0100  +0.0072
       290  0.0100  -0.0077
       405  0.0059  -0.0037
       566  0.0110  -0.0043
       790  0.0140  +0.0083
      1103  0.0109  +0.0082
      1539  0.0094  +0.0058
      2149  0.0066  +0.0032
      3000  0.0066  -0.0007
SUMMARY: dim=3 menu=fib100 beta=0.4 L=32 T=3000 plateau_|m|=0.0091 lowk_ratio=nan seconds=208
