dim=3 (event lattice Z^4) menu=axes6 beta=0.75 L=32 T=3000 T0=1500 seed=1; predecessors n=7; sigma^2=0.154206
memory table: level, |m|, m.e0
         1  0.9783  +0.9783
         2  0.9746  +0.9746
         3  0.9731  +0.9731
         4  0.9717  +0.9717
         5  0.9742  +0.9742
         7  0.9739  +0.9739
        10  0.9755  +0.9755
        14  0.9733  +0.9733
        20  0.9718  +0.9718
        28  0.9739  +0.9739
        39  0.9722  +0.9722
        55  0.9740  +0.9740
        76  0.9747  +0.9747
       107  0.9733  +0.9733
       149  0.9744  +0.9744
       208  0.9738  +0.9738
       290  0.9732  +0.9732
       405  0.9741  +0.9741
       566  0.9747  +0.9747
       790  0.9730  +0.9730
      1103  0.9745  +0.9745
      1539  0.9731  +0.9731
      2149  0.9735  +0.9735
      3000  0.9725  +0.9725
SUMMARY: dim=3 menu=axes6 beta=0.75 L=32 T=3000 plateau_|m|=0.9736 lowk_ratio=nan seconds=16
