dim=2 (event lattice Z^3) menu=axes6 beta=0.2 L=128 T=3000 T0=1500 seed=1; predecessors n=5; sigma^2=0.313035
memory table: level, |m|, m.e0
         1  0.3365  +0.3365
         2  0.1127  +0.1126
         3  0.0396  +0.0389
         4  0.0145  +0.0068
         5  0.0060  -0.0027
         7  0.0098  -0.0071
        10  0.0079  -0.0074
        14  0.0065  -0.0045
        20  0.0070  -0.0012
        28  0.0143  -0.0071
        39  0.0083  +0.0018
        55  0.0078  -0.0028
        76  0.0052  -0.0049
       107  0.0082  -0.0063
       149  0.0055  -0.0020
       208  0.0080  -0.0066
       290  0.0094  +0.0092
       405  0.0127  +0.0022
       566  0.0073  -0.0011
       790  0.0077  -0.0020
      1103  0.0080  +0.0060
      1539  0.0104  -0.0042
      2149  0.0028  +0.0009
      3000  0.0103  +0.0093
SUMMARY: dim=2 menu=axes6 beta=0.2 L=128 T=3000 plateau_|m|=0.0075 lowk_ratio=nan seconds=6
