dim=2 (event lattice Z^3) menu=axes6 beta=0.4 L=128 T=3000 T0=1500 seed=1; predecessors n=5; sigma^2=0.268657
memory table: level, |m|, m.e0
         1  0.6313  +0.6313
         2  0.4034  +0.4034
         3  0.2505  +0.2504
         4  0.1535  +0.1530
         5  0.0886  +0.0881
         7  0.0311  +0.0301
        10  0.0031  +0.0001
        14  0.0093  -0.0021
        20  0.0018  -0.0001
        28  0.0148  -0.0014
        39  0.0024  +0.0014
        55  0.0080  +0.0016
        76  0.0083  -0.0081
       107  0.0074  +0.0007
       149  0.0099  -0.0054
       208  0.0061  -0.0058
       290  0.0094  +0.0048
       405  0.0162  +0.0042
       566  0.0058  -0.0025
       790  0.0074  +0.0050
      1103  0.0122  +0.0088
      1539  0.0079  -0.0029
      2149  0.0035  +0.0000
      3000  0.0116  +0.0052
SUMMARY: dim=2 menu=axes6 beta=0.4 L=128 T=3000 plateau_|m|=0.0089 lowk_ratio=nan seconds=6
