dim=2 (event lattice Z^3) menu=fib100 beta=1.0 L=128 T=3000 T0=1500 seed=1; predecessors n=5; sigma^2=0.160018
memory table: level, |m|, m.e0
         1  0.8003  +0.8003
         2  0.7248  +0.7248
         3  0.6795  +0.6795
         4  0.6490  +0.6490
         5  0.6295  +0.6295
         7  0.5941  +0.5939
        10  0.5532  +0.5531
        14  0.5307  +0.5305
        20  0.5005  +0.5003
        28  0.4702  +0.4696
        39  0.4491  +0.4482
        55  0.4136  +0.4109
        76  0.3649  +0.3614
       107  0.3188  +0.3134
       149  0.3031  +0.2854
       208  0.2487  +0.2117
       290  0.2227  +0.1786
       405  0.1606  +0.1381
       566  0.1248  +0.1149
       790  0.0626  +0.0464
      1103  0.0445  -0.0392
      1539  0.1114  +0.0266
      2149  0.0692  +0.0635
      3000  0.0630  -0.0495
SUMMARY: dim=2 menu=fib100 beta=1.0 L=128 T=3000 plateau_|m|=0.0641 lowk_ratio=nan seconds=79
