dim=3 (event lattice Z^4) menu=fib200 beta=6.0 L=32 T=3000 T0=1500 seed=1; predecessors n=7; sigma^2=0.023243
memory table: level, |m|, m.e0
         1  0.9778  +0.9778
         2  0.9741  +0.9740
         3  0.9728  +0.9727
         4  0.9720  +0.9719
         5  0.9715  +0.9714
         7  0.9710  +0.9708
        10  0.9706  +0.9701
        14  0.9706  +0.9699
        20  0.9700  +0.9689
        28  0.9699  +0.9679
        39  0.9704  +0.9675
        55  0.9703  +0.9654
        76  0.9707  +0.9632
       107  0.9710  +0.9606
       149  0.9708  +0.9579
       208  0.9706  +0.9569
       290  0.9705  +0.9577
       405  0.9702  +0.9568
       566  0.9707  +0.9582
       790  0.9707  +0.9574
      1103  0.9709  +0.9584
      1539  0.9707  +0.9577
      2149  0.9707  +0.9569
      3000  0.9707  +0.9583
SUMMARY: dim=3 menu=fib200 beta=6.0 L=32 T=3000 plateau_|m|=0.9707 lowk_ratio=nan seconds=446
