dim=3 (event lattice Z^4) menu=corners8 beta=0.75 L=32 T=3000 T0=1500 seed=1; predecessors n=7; sigma^2=0.154206
memory table: level, |m|, m.e0
         1  0.9417  +0.9417
         2  0.9207  +0.9207
         3  0.9107  +0.9107
         4  0.9049  +0.9049
         5  0.9036  +0.9036
         7  0.9017  +0.9017
        10  0.8991  +0.8991
        14  0.9031  +0.9031
        20  0.9002  +0.9002
        28  0.8994  +0.8994
        39  0.9013  +0.9013
        55  0.9005  +0.9005
        76  0.9030  +0.9030
       107  0.9014  +0.9014
       149  0.9043  +0.9043
       208  0.9020  +0.9020
       290  0.9016  +0.9016
       405  0.9035  +0.9035
       566  0.9031  +0.9031
       790  0.9002  +0.9002
      1103  0.9010  +0.9010
      1539  0.9028  +0.9028
      2149  0.9005  +0.9005
      3000  0.9014  +0.9014
SUMMARY: dim=3 menu=corners8 beta=0.75 L=32 T=3000 plateau_|m|=0.9016 lowk_ratio=nan seconds=16
