dim=2 (event lattice Z^3) menu=fib200 beta=2.0 L=128 T=3000 T0=1500 seed=1; predecessors n=5; sigma^2=0.090000
memory table: level, |m|, m.e0
         1  0.9007  +0.9007
         2  0.8718  +0.8718
         3  0.8572  +0.8572
         4  0.8492  +0.8492
         5  0.8430  +0.8430
         7  0.8339  +0.8339
        10  0.8289  +0.8289
        14  0.8180  +0.8179
        20  0.8096  +0.8096
        28  0.8010  +0.8010
        39  0.7913  +0.7910
        55  0.7848  +0.7842
        76  0.7805  +0.7798
       107  0.7712  +0.7706
       149  0.7684  +0.7642
       208  0.7499  +0.7436
       290  0.7410  +0.7295
       405  0.7438  +0.7171
       566  0.7410  +0.7067
       790  0.7461  +0.7111
      1103  0.7273  +0.6930
      1539  0.7655  +0.7245
      2149  0.7435  +0.6897
      3000  0.7372  +0.6353
SUMMARY: dim=2 menu=fib200 beta=2.0 L=128 T=3000 plateau_|m|=0.7547 lowk_ratio=nan seconds=161
