dim=3 (event lattice Z^4) menu=fib50 beta=0.75 L=32 T=3000 T0=1500 seed=1; predecessors n=7; sigma^2=0.154206
memory table: level, |m|, m.e0
         1  0.8106  +0.8106
         2  0.7484  +0.7482
         3  0.7197  +0.7195
         4  0.7016  +0.7011
         5  0.6905  +0.6899
         7  0.6795  +0.6782
        10  0.6656  +0.6637
        14  0.6646  +0.6622
        20  0.6615  +0.6574
        28  0.6558  +0.6500
        39  0.6572  +0.6475
        55  0.6535  +0.6361
        76  0.6512  +0.6192
       107  0.6565  +0.6165
       149  0.6577  +0.6090
       208  0.6508  +0.5868
       290  0.6566  +0.5722
       405  0.6557  +0.5631
       566  0.6571  +0.5564
       790  0.6563  +0.5581
      1103  0.6545  +0.5680
      1539  0.6620  +0.5641
      2149  0.6575  +0.5223
      3000  0.6566  +0.5471
SUMMARY: dim=3 menu=fib50 beta=0.75 L=32 T=3000 plateau_|m|=0.6578 lowk_ratio=nan seconds=84
