dim=3 (event lattice Z^4) menu=corners8 beta=0.2 L=32 T=3000 T0=1500 seed=1; predecessors n=7; sigma^2=0.296578
memory table: level, |m|, m.e0
         1  0.4380  +0.4380
         2  0.1937  +0.1937
         3  0.0883  +0.0881
         4  0.0398  +0.0392
         5  0.0147  +0.0147
         7  0.0034  +0.0026
        10  0.0071  +0.0039
        14  0.0058  -0.0025
        20  0.0042  +0.0008
        28  0.0073  -0.0055
        39  0.0091  +0.0060
        55  0.0010  +0.0009
        76  0.0041  +0.0041
       107  0.0054  +0.0014
       149  0.0082  -0.0055
       208  0.0032  +0.0020
       290  0.0040  +0.0034
       405  0.0050  -0.0003
       566  0.0063  +0.0047
       790  0.0077  +0.0024
      1103  0.0029  -0.0028
      1539  0.0063  +0.0040
      2149  0.0067  -0.0010
      3000  0.0067  -0.0017
SUMMARY: dim=3 menu=corners8 beta=0.2 L=32 T=3000 plateau_|m|=0.0056 lowk_ratio=nan seconds=16
