dim=3 (event lattice Z^4) menu=fib100 beta=0.3 L=32 T=3000 T0=1500 seed=1; predecessors n=7; sigma^2=0.263932
memory table: level, |m|, m.e0
         1  0.5525  +0.5525
         2  0.3414  +0.3414
         3  0.2213  +0.2213
         4  0.1384  +0.1383
         5  0.0879  +0.0877
         7  0.0430  +0.0428
        10  0.0100  +0.0094
        14  0.0072  +0.0020
        20  0.0053  -0.0040
        28  0.0027  +0.0019
        39  0.0066  +0.0015
        55  0.0082  +0.0005
        76  0.0118  +0.0084
       107  0.0038  -0.0021
       149  0.0086  -0.0078
       208  0.0103  +0.0073
       290  0.0048  -0.0039
       405  0.0041  -0.0029
       566  0.0070  -0.0031
       790  0.0063  +0.0035
      1103  0.0079  +0.0060
      1539  0.0040  +0.0005
      2149  0.0056  +0.0014
      3000  0.0087  -0.0008
SUMMARY: dim=3 menu=fib100 beta=0.3 L=32 T=3000 plateau_|m|=0.0070 lowk_ratio=nan seconds=167
