dim=2 (event lattice Z^3) menu=fib100 beta=1.5 L=128 T=3000 T0=1500 seed=1; predecessors n=5; sigma^2=0.115556
memory table: level, |m|, m.e0
         1  0.8667  +0.8667
         2  0.8256  +0.8256
         3  0.8031  +0.8030
         4  0.7908  +0.7907
         5  0.7822  +0.7820
         7  0.7659  +0.7656
        10  0.7545  +0.7541
        14  0.7448  +0.7442
        20  0.7388  +0.7377
        28  0.7268  +0.7247
        39  0.7164  +0.7126
        55  0.7066  +0.6996
        76  0.7007  +0.6923
       107  0.7000  +0.6914
       149  0.6887  +0.6759
       208  0.6717  +0.6458
       290  0.6636  +0.6177
       405  0.6706  +0.6096
       566  0.6623  +0.5938
       790  0.6538  +0.5527
      1103  0.6547  +0.5863
      1539  0.6678  +0.5929
      2149  0.6513  +0.5710
      3000  0.6645  +0.5841
SUMMARY: dim=2 menu=fib100 beta=1.5 L=128 T=3000 plateau_|m|=0.6571 lowk_ratio=nan seconds=76
