dim=2 (event lattice Z^3) menu=fib200 beta=6.0 L=128 T=3000 T0=1500 seed=1; predecessors n=5; sigma^2=0.032222
memory table: level, |m|, m.e0
         1  0.9673  +0.9673
         2  0.9601  +0.9600
         3  0.9564  +0.9563
         4  0.9545  +0.9544
         5  0.9528  +0.9526
         7  0.9503  +0.9500
        10  0.9484  +0.9479
        14  0.9459  +0.9452
        20  0.9435  +0.9423
        28  0.9422  +0.9405
        39  0.9408  +0.9381
        55  0.9403  +0.9367
        76  0.9400  +0.9349
       107  0.9384  +0.9325
       149  0.9374  +0.9283
       208  0.9371  +0.9258
       290  0.9385  +0.9237
       405  0.9405  +0.9193
       566  0.9398  +0.9180
       790  0.9388  +0.9130
      1103  0.9392  +0.9180
      1539  0.9395  +0.9080
      2149  0.9374  +0.9145
      3000  0.9391  +0.9126
SUMMARY: dim=2 menu=fib200 beta=6.0 L=128 T=3000 plateau_|m|=0.9393 lowk_ratio=nan seconds=154
