dim=2 (event lattice Z^3) menu=fib20 beta=1.0 L=128 T=3000 T0=1500 seed=1; predecessors n=5; sigma^2=0.160018
memory table: level, |m|, m.e0
         1  0.8205  +0.8204
         2  0.7495  +0.7491
         3  0.7042  +0.7038
         4  0.6764  +0.6755
         5  0.6545  +0.6532
         7  0.6239  +0.6213
        10  0.5989  +0.5952
        14  0.5789  +0.5727
        20  0.5494  +0.5389
        28  0.5369  +0.5173
        39  0.5078  +0.4753
        55  0.4847  +0.4397
        76  0.4517  +0.3957
       107  0.4596  +0.3837
       149  0.4278  +0.3182
       208  0.4456  +0.3145
       290  0.4079  +0.2364
       405  0.3779  +0.1707
       566  0.4014  +0.1856
       790  0.3815  +0.1289
      1103  0.3812  +0.1024
      1539  0.3768  +0.1679
      2149  0.3928  +0.1773
      3000  0.3690  +0.0922
SUMMARY: dim=2 menu=fib20 beta=1.0 L=128 T=3000 plateau_|m|=0.3800 lowk_ratio=nan seconds=17
