dim=3 (event lattice Z^4) menu=fib50 beta=0.2 L=32 T=3000 T0=1500 seed=1; predecessors n=7; sigma^2=0.296578
memory table: level, |m|, m.e0
         1  0.4152  +0.4152
         2  0.1826  +0.1826
         3  0.0834  +0.0829
         4  0.0398  +0.0390
         5  0.0176  +0.0164
         7  0.0085  -0.0011
        10  0.0030  -0.0004
        14  0.0025  +0.0017
        20  0.0042  -0.0008
        28  0.0051  -0.0042
        39  0.0084  -0.0043
        55  0.0016  +0.0014
        76  0.0099  -0.0061
       107  0.0049  -0.0011
       149  0.0103  -0.0002
       208  0.0075  -0.0017
       290  0.0026  -0.0026
       405  0.0045  -0.0043
       566  0.0068  -0.0018
       790  0.0017  -0.0001
      1103  0.0025  -0.0021
      1539  0.0077  -0.0021
      2149  0.0042  -0.0031
      3000  0.0069  +0.0001
SUMMARY: dim=3 menu=fib50 beta=0.2 L=32 T=3000 plateau_|m|=0.0055 lowk_ratio=nan seconds=81
