dim=2 (event lattice Z^3) menu=fib200 beta=1.0 L=128 T=3000 T0=1500 seed=1; predecessors n=5; sigma^2=0.160018
memory table: level, |m|, m.e0
         1  0.8010  +0.8009
         2  0.7230  +0.7230
         3  0.6806  +0.6806
         4  0.6484  +0.6482
         5  0.6224  +0.6224
         7  0.5964  +0.5964
        10  0.5632  +0.5631
        14  0.5366  +0.5366
        20  0.5092  +0.5091
        28  0.4719  +0.4716
        39  0.4419  +0.4415
        55  0.4200  +0.4192
        76  0.4046  +0.4033
       107  0.3579  +0.3578
       149  0.3311  +0.3310
       208  0.2514  +0.2474
       290  0.2245  +0.2179
       405  0.1711  +0.1625
       566  0.0708  +0.0578
       790  0.1370  +0.1003
      1103  0.0656  +0.0197
      1539  0.0968  +0.0619
      2149  0.1070  +0.0679
      3000  0.1154  +0.0583
SUMMARY: dim=2 menu=fib200 beta=1.0 L=128 T=3000 plateau_|m|=0.1230 lowk_ratio=nan seconds=161
