dim=3 (event lattice Z^4) menu=corners8 beta=0.4 L=32 T=3000 T0=1500 seed=1; predecessors n=7; sigma^2=0.232243
memory table: level, |m|, m.e0
         1  0.7324  +0.7324
         2  0.5731  +0.5731
         3  0.4559  +0.4559
         4  0.3724  +0.3724
         5  0.3036  +0.3036
         7  0.2035  +0.2035
        10  0.1188  +0.1185
        14  0.0578  +0.0569
        20  0.0260  +0.0250
        28  0.0102  +0.0033
        39  0.0107  +0.0078
        55  0.0072  +0.0029
        76  0.0032  -0.0009
       107  0.0065  -0.0026
       149  0.0012  -0.0001
       208  0.0102  -0.0017
       290  0.0044  +0.0015
       405  0.0028  +0.0024
       566  0.0083  +0.0082
       790  0.0071  -0.0007
      1103  0.0081  -0.0046
      1539  0.0079  +0.0038
      2149  0.0178  -0.0040
      3000  0.0089  -0.0005
SUMMARY: dim=3 menu=corners8 beta=0.4 L=32 T=3000 plateau_|m|=0.0085 lowk_ratio=nan seconds=18
