dim=2 (event lattice Z^3) menu=fib200 beta=1.5 L=128 T=3000 T0=1500 seed=1; predecessors n=5; sigma^2=0.115556
memory table: level, |m|, m.e0
         1  0.8683  +0.8683
         2  0.8244  +0.8244
         3  0.8034  +0.8034
         4  0.7911  +0.7911
         5  0.7827  +0.7827
         7  0.7692  +0.7691
        10  0.7591  +0.7591
        14  0.7431  +0.7430
        20  0.7322  +0.7319
        28  0.7199  +0.7192
        39  0.7067  +0.7060
        55  0.6917  +0.6908
        76  0.6913  +0.6899
       107  0.6794  +0.6772
       149  0.6627  +0.6595
       208  0.6383  +0.6368
       290  0.6364  +0.6304
       405  0.6279  +0.6199
       566  0.6293  +0.6094
       790  0.6270  +0.6021
      1103  0.6224  +0.5714
      1539  0.6193  +0.5482
      2149  0.6217  +0.5513
      3000  0.6578  +0.6071
SUMMARY: dim=2 menu=fib200 beta=1.5 L=128 T=3000 plateau_|m|=0.6305 lowk_ratio=nan seconds=160
