dim=3 (event lattice Z^4) menu=fib50 beta=0.4 L=32 T=3000 T0=1500 seed=1; predecessors n=7; sigma^2=0.232243
memory table: level, |m|, m.e0
         1  0.6498  +0.6498
         2  0.4857  +0.4857
         3  0.3817  +0.3816
         4  0.2991  +0.2989
         5  0.2440  +0.2437
         7  0.1629  +0.1621
        10  0.0885  +0.0883
        14  0.0474  +0.0469
        20  0.0133  +0.0124
        28  0.0068  +0.0021
        39  0.0097  -0.0092
        55  0.0039  -0.0038
        76  0.0125  -0.0056
       107  0.0164  -0.0052
       149  0.0122  +0.0064
       208  0.0100  -0.0026
       290  0.0056  +0.0024
       405  0.0129  -0.0125
       566  0.0164  -0.0091
       790  0.0029  -0.0015
      1103  0.0089  -0.0041
      1539  0.0067  +0.0010
      2149  0.0081  -0.0075
      3000  0.0044  +0.0024
SUMMARY: dim=3 menu=fib50 beta=0.4 L=32 T=3000 plateau_|m|=0.0087 lowk_ratio=nan seconds=82
