dim=2 (event lattice Z^3) menu=axes6 beta=1.0 L=128 T=3000 T0=1500 seed=1; predecessors n=5; sigma^2=0.160018
memory table: level, |m|, m.e0
         1  0.9711  +0.9711
         2  0.9638  +0.9638
         3  0.9614  +0.9614
         4  0.9603  +0.9603
         5  0.9592  +0.9592
         7  0.9587  +0.9587
        10  0.9600  +0.9600
        14  0.9602  +0.9602
        20  0.9607  +0.9607
        28  0.9600  +0.9600
        39  0.9573  +0.9573
        55  0.9578  +0.9578
        76  0.9594  +0.9594
       107  0.9608  +0.9608
       149  0.9584  +0.9584
       208  0.9558  +0.9558
       290  0.9602  +0.9602
       405  0.9589  +0.9589
       566  0.9611  +0.9611
       790  0.9605  +0.9605
      1103  0.9595  +0.9595
      1539  0.9603  +0.9603
      2149  0.9586  +0.9586
      3000  0.9598  +0.9598
SUMMARY: dim=2 menu=axes6 beta=1.0 L=128 T=3000 plateau_|m|=0.9587 lowk_ratio=nan seconds=6
