dim=2 (event lattice Z^3) menu=fib50 beta=6.0 L=128 T=3000 T0=1500 seed=1; predecessors n=5; sigma^2=0.032222
memory table: level, |m|, m.e0
         1  0.9866  +0.9866
         2  0.9822  +0.9821
         3  0.9804  +0.9804
         4  0.9793  +0.9792
         5  0.9787  +0.9786
         7  0.9780  +0.9778
        10  0.9769  +0.9766
        14  0.9766  +0.9762
        20  0.9764  +0.9759
        28  0.9751  +0.9744
        39  0.9746  +0.9735
        55  0.9746  +0.9734
        76  0.9740  +0.9726
       107  0.9727  +0.9715
       149  0.9742  +0.9730
       208  0.9718  +0.9697
       290  0.9701  +0.9666
       405  0.9696  +0.9665
       566  0.9705  +0.9675
       790  0.9695  +0.9663
      1103  0.9704  +0.9673
      1539  0.9725  +0.9706
      2149  0.9694  +0.9660
      3000  0.9684  +0.9648
SUMMARY: dim=2 menu=fib50 beta=6.0 L=128 T=3000 plateau_|m|=0.9705 lowk_ratio=nan seconds=40
