dim=3 (event lattice Z^4) menu=fib50 beta=1.0 L=32 T=3000 T0=1500 seed=1; predecessors n=7; sigma^2=0.122449
memory table: level, |m|, m.e0
         1  0.8611  +0.8610
         2  0.8219  +0.8217
         3  0.8058  +0.8055
         4  0.7984  +0.7978
         5  0.7914  +0.7905
         7  0.7872  +0.7858
        10  0.7814  +0.7792
        14  0.7808  +0.7775
        20  0.7809  +0.7754
        28  0.7796  +0.7719
        39  0.7786  +0.7655
        55  0.7783  +0.7603
        76  0.7798  +0.7481
       107  0.7796  +0.7356
       149  0.7835  +0.7295
       208  0.7795  +0.7072
       290  0.7809  +0.7005
       405  0.7796  +0.6944
       566  0.7793  +0.6902
       790  0.7801  +0.6982
      1103  0.7804  +0.6929
      1539  0.7830  +0.7128
      2149  0.7780  +0.6774
      3000  0.7819  +0.6996
SUMMARY: dim=3 menu=fib50 beta=1.0 L=32 T=3000 plateau_|m|=0.7794 lowk_ratio=nan seconds=81
