dim=2 (event lattice Z^3) menu=edges12 beta=1.0 L=128 T=3000 T0=1500 seed=1; predecessors n=5; sigma^2=0.160018
memory table: level, |m|, m.e0
         1  0.8637  +0.8637
         2  0.7939  +0.7939
         3  0.7496  +0.7496
         4  0.7197  +0.7196
         5  0.6941  +0.6941
         7  0.6616  +0.6616
        10  0.6213  +0.6213
        14  0.5844  +0.5844
        20  0.5513  +0.5512
        28  0.5227  +0.5227
        39  0.4892  +0.4890
        55  0.4684  +0.4682
        76  0.4531  +0.4519
       107  0.4147  +0.4138
       149  0.4025  +0.3961
       208  0.3776  +0.3763
       290  0.3553  +0.3545
       405  0.3045  +0.3033
       566  0.2848  +0.2830
       790  0.2278  +0.2213
      1103  0.2023  +0.1806
      1539  0.1973  +0.1654
      2149  0.1194  +0.1133
      3000  0.0871  -0.0172
SUMMARY: dim=2 menu=edges12 beta=1.0 L=128 T=3000 plateau_|m|=0.0677 lowk_ratio=nan seconds=13
