dim=2 (event lattice Z^3) menu=edges12 beta=0.2 L=128 T=3000 T0=1500 seed=1; predecessors n=5; sigma^2=0.313035
memory table: level, |m|, m.e0
         1  0.3172  +0.3171
         2  0.0982  +0.0977
         3  0.0293  +0.0288
         4  0.0125  +0.0123
         5  0.0069  +0.0022
         7  0.0043  -0.0027
        10  0.0023  -0.0004
        14  0.0114  +0.0009
        20  0.0059  +0.0034
        28  0.0149  +0.0069
        39  0.0025  +0.0006
        55  0.0095  +0.0067
        76  0.0114  -0.0074
       107  0.0064  -0.0030
       149  0.0035  -0.0028
       208  0.0066  +0.0065
       290  0.0069  -0.0017
       405  0.0086  +0.0036
       566  0.0080  -0.0005
       790  0.0147  +0.0049
      1103  0.0170  +0.0166
      1539  0.0107  +0.0079
      2149  0.0048  -0.0002
      3000  0.0091  +0.0039
SUMMARY: dim=2 menu=edges12 beta=0.2 L=128 T=3000 plateau_|m|=0.0076 lowk_ratio=nan seconds=10
