dim=3 (event lattice Z^4) menu=fib20 beta=1.0 L=32 T=3000 T0=1500 seed=1; predecessors n=7; sigma^2=0.122449
memory table: level, |m|, m.e0
         1  0.8907  +0.8906
         2  0.8511  +0.8508
         3  0.8342  +0.8336
         4  0.8264  +0.8256
         5  0.8201  +0.8190
         7  0.8185  +0.8168
        10  0.8149  +0.8114
        14  0.8132  +0.8073
        20  0.8103  +0.7997
        28  0.8109  +0.7938
        39  0.8112  +0.7824
        55  0.8116  +0.7703
        76  0.8096  +0.7614
       107  0.8130  +0.7554
       149  0.8120  +0.7562
       208  0.8078  +0.7510
       290  0.8115  +0.7515
       405  0.8089  +0.7517
       566  0.8101  +0.7451
       790  0.8108  +0.7473
      1103  0.8107  +0.7505
      1539  0.8106  +0.7450
      2149  0.8108  +0.7544
      3000  0.8088  +0.7500
SUMMARY: dim=3 menu=fib20 beta=1.0 L=32 T=3000 plateau_|m|=0.8107 lowk_ratio=nan seconds=53
