dim=3 (event lattice Z^4) menu=edges12 beta=0.5 L=32 T=3000 T0=1500 seed=1; predecessors n=7; sigma^2=0.204603
memory table: level, |m|, m.e0
         1  0.7530  +0.7530
         2  0.6278  +0.6277
         3  0.5501  +0.5500
         4  0.4941  +0.4941
         5  0.4487  +0.4487
         7  0.3850  +0.3850
        10  0.3179  +0.3179
        14  0.2592  +0.2590
        20  0.1972  +0.1955
        28  0.1513  +0.1491
        39  0.0904  +0.0901
        55  0.0369  +0.0367
        76  0.0318  +0.0314
       107  0.0181  +0.0151
       149  0.0210  +0.0118
       208  0.0137  -0.0031
       290  0.0055  +0.0020
       405  0.0162  -0.0152
       566  0.0225  -0.0040
       790  0.0148  +0.0078
      1103  0.0062  +0.0053
      1539  0.0146  -0.0087
      2149  0.0186  -0.0119
      3000  0.0125  -0.0124
SUMMARY: dim=3 menu=edges12 beta=0.5 L=32 T=3000 plateau_|m|=0.0175 lowk_ratio=nan seconds=34
