dim=2 (event lattice Z^3) menu=fib200 beta=0.5 L=128 T=3000 T0=1500 seed=1; predecessors n=5; sigma^2=0.245427
memory table: level, |m|, m.e0
         1  0.6141  +0.6141
         2  0.4223  +0.4223
         3  0.3070  +0.3069
         4  0.2246  +0.2242
         5  0.1599  +0.1597
         7  0.0847  +0.0844
        10  0.0355  +0.0337
        14  0.0103  +0.0097
        20  0.0154  -0.0136
        28  0.0101  -0.0040
        39  0.0168  +0.0068
        55  0.0111  +0.0053
        76  0.0055  -0.0008
       107  0.0217  -0.0005
       149  0.0175  -0.0061
       208  0.0073  +0.0027
       290  0.0075  -0.0006
       405  0.0122  -0.0089
       566  0.0106  +0.0072
       790  0.0108  +0.0028
      1103  0.0077  -0.0010
      1539  0.0055  -0.0049
      2149  0.0097  -0.0023
      3000  0.0161  +0.0004
SUMMARY: dim=2 menu=fib200 beta=0.5 L=128 T=3000 plateau_|m|=0.0105 lowk_ratio=nan seconds=217
