dim=3 (event lattice Z^4) menu=fib20 beta=2.0 L=32 T=3000 T0=1500 seed=1; predecessors n=7; sigma^2=0.066327
memory table: level, |m|, m.e0
         1  0.9800  +0.9800
         2  0.9744  +0.9743
         3  0.9729  +0.9728
         4  0.9728  +0.9727
         5  0.9729  +0.9729
         7  0.9723  +0.9722
        10  0.9722  +0.9721
        14  0.9713  +0.9711
        20  0.9725  +0.9724
        28  0.9720  +0.9719
        39  0.9722  +0.9720
        55  0.9726  +0.9724
        76  0.9721  +0.9720
       107  0.9719  +0.9718
       149  0.9728  +0.9728
       208  0.9722  +0.9721
       290  0.9727  +0.9725
       405  0.9721  +0.9720
       566  0.9716  +0.9715
       790  0.9721  +0.9720
      1103  0.9719  +0.9718
      1539  0.9721  +0.9720
      2149  0.9722  +0.9721
      3000  0.9722  +0.9721
SUMMARY: dim=3 menu=fib20 beta=2.0 L=32 T=3000 plateau_|m|=0.9722 lowk_ratio=nan seconds=34
