dim=3 (event lattice Z^4) menu=fib50 beta=0.3 L=32 T=3000 T0=1500 seed=1; predecessors n=7; sigma^2=0.263932
memory table: level, |m|, m.e0
         1  0.5546  +0.5546
         2  0.3448  +0.3448
         3  0.2220  +0.2219
         4  0.1413  +0.1408
         5  0.0917  +0.0911
         7  0.0379  +0.0362
        10  0.0077  +0.0075
        14  0.0053  +0.0053
        20  0.0054  -0.0028
        28  0.0065  +0.0024
        39  0.0075  -0.0063
        55  0.0036  +0.0034
        76  0.0097  -0.0076
       107  0.0099  -0.0008
       149  0.0089  +0.0012
       208  0.0066  -0.0038
       290  0.0031  -0.0010
       405  0.0066  -0.0064
       566  0.0095  -0.0018
       790  0.0052  -0.0025
      1103  0.0068  -0.0034
      1539  0.0076  +0.0015
      2149  0.0023  +0.0012
      3000  0.0084  +0.0030
SUMMARY: dim=3 menu=fib50 beta=0.3 L=32 T=3000 plateau_|m|=0.0066 lowk_ratio=nan seconds=80
