dim=2 (event lattice Z^3) menu=fib20 beta=0.75 L=128 T=3000 T0=1500 seed=1; predecessors n=5; sigma^2=0.195851
memory table: level, |m|, m.e0
         1  0.7504  +0.7503
         2  0.6341  +0.6337
         3  0.5613  +0.5608
         4  0.5054  +0.5045
         5  0.4601  +0.4586
         7  0.3960  +0.3920
        10  0.3253  +0.3204
        14  0.2504  +0.2418
        20  0.1960  +0.1691
        28  0.1464  +0.1074
        39  0.1203  +0.0728
        55  0.1140  +0.0254
        76  0.1240  +0.0368
       107  0.1010  +0.0307
       149  0.0962  +0.0228
       208  0.1007  +0.0192
       290  0.1098  +0.0059
       405  0.1142  +0.0265
       566  0.1017  +0.0371
       790  0.1014  +0.0142
      1103  0.1148  +0.0232
      1539  0.1124  +0.0160
      2149  0.1019  +0.0347
      3000  0.1018  +0.0310
SUMMARY: dim=2 menu=fib20 beta=0.75 L=128 T=3000 plateau_|m|=0.1073 lowk_ratio=nan seconds=17
