dim=2 (event lattice Z^3) menu=fib50 beta=2.0 L=128 T=3000 T0=1500 seed=1; predecessors n=5; sigma^2=0.090000
memory table: level, |m|, m.e0
         1  0.9055  +0.9055
         2  0.8782  +0.8780
         3  0.8653  +0.8649
         4  0.8558  +0.8554
         5  0.8521  +0.8515
         7  0.8430  +0.8419
        10  0.8338  +0.8320
        14  0.8303  +0.8273
        20  0.8231  +0.8183
        28  0.8175  +0.8109
        39  0.8140  +0.8053
        55  0.8074  +0.7936
        76  0.8099  +0.7910
       107  0.8060  +0.7808
       149  0.8059  +0.7667
       208  0.8093  +0.7547
       290  0.8103  +0.7394
       405  0.8079  +0.7395
       566  0.8094  +0.7337
       790  0.8106  +0.7354
      1103  0.8121  +0.7354
      1539  0.8080  +0.7412
      2149  0.8109  +0.7444
      3000  0.8032  +0.7292
SUMMARY: dim=2 menu=fib50 beta=2.0 L=128 T=3000 plateau_|m|=0.8091 lowk_ratio=nan seconds=50
