dim=2 (event lattice Z^3) menu=fib100 beta=0.75 L=128 T=3000 T0=1500 seed=1; predecessors n=5; sigma^2=0.195851
memory table: level, |m|, m.e0
         1  0.7362  +0.7362
         2  0.6160  +0.6159
         3  0.5424  +0.5424
         4  0.4847  +0.4847
         5  0.4365  +0.4365
         7  0.3703  +0.3700
        10  0.2774  +0.2773
        14  0.2149  +0.2145
        20  0.1323  +0.1320
        28  0.0837  +0.0816
        39  0.0411  +0.0378
        55  0.0213  +0.0170
        76  0.0135  -0.0126
       107  0.0221  -0.0206
       149  0.0110  -0.0020
       208  0.0239  -0.0211
       290  0.0393  -0.0042
       405  0.0264  -0.0088
       566  0.0162  +0.0003
       790  0.0261  -0.0012
      1103  0.0037  -0.0000
      1539  0.0120  +0.0020
      2149  0.0142  +0.0008
      3000  0.0202  +0.0193
SUMMARY: dim=2 menu=fib100 beta=0.75 L=128 T=3000 plateau_|m|=0.0161 lowk_ratio=nan seconds=82
