dim=2 (event lattice Z^3) menu=fib50 beta=1.0 L=128 T=3000 T0=1500 seed=1; predecessors n=5; sigma^2=0.160018
memory table: level, |m|, m.e0
         1  0.8000  +0.8000
         2  0.7227  +0.7227
         3  0.6832  +0.6831
         4  0.6514  +0.6512
         5  0.6279  +0.6278
         7  0.5933  +0.5928
        10  0.5649  +0.5637
        14  0.5391  +0.5373
        20  0.5089  +0.5058
        28  0.4964  +0.4923
        39  0.4675  +0.4624
        55  0.4243  +0.4179
        76  0.3791  +0.3670
       107  0.3783  +0.3658
       149  0.3476  +0.3221
       208  0.3469  +0.3093
       290  0.3187  +0.2882
       405  0.2622  +0.2081
       566  0.2392  +0.1931
       790  0.2112  +0.1455
      1103  0.1836  +0.1378
      1539  0.2105  +0.1607
      2149  0.1078  +0.1053
      3000  0.0682  +0.0331
SUMMARY: dim=2 menu=fib50 beta=1.0 L=128 T=3000 plateau_|m|=0.0706 lowk_ratio=nan seconds=39
