dim=2 (event lattice Z^3) menu=fib200 beta=0.75 L=128 T=3000 T0=1500 seed=1; predecessors n=5; sigma^2=0.195851
memory table: level, |m|, m.e0
         1  0.7347  +0.7347
         2  0.6136  +0.6136
         3  0.5412  +0.5411
         4  0.4856  +0.4852
         5  0.4379  +0.4376
         7  0.3673  +0.3668
        10  0.2915  +0.2909
        14  0.2301  +0.2292
        20  0.1520  +0.1513
        28  0.0741  +0.0737
        39  0.0443  +0.0372
        55  0.0242  +0.0231
        76  0.0128  +0.0124
       107  0.0187  +0.0033
       149  0.0254  -0.0134
       208  0.0092  -0.0079
       290  0.0171  -0.0145
       405  0.0178  -0.0119
       566  0.0106  -0.0076
       790  0.0108  +0.0105
      1103  0.0243  -0.0218
      1539  0.0218  -0.0053
      2149  0.0257  -0.0013
      3000  0.0236  +0.0116
SUMMARY: dim=2 menu=fib200 beta=0.75 L=128 T=3000 plateau_|m|=0.0158 lowk_ratio=nan seconds=155
