dim=3 (event lattice Z^4) menu=edges12 beta=0.2 L=32 T=3000 T0=1500 seed=1; predecessors n=7; sigma^2=0.296578
memory table: level, |m|, m.e0
         1  0.4166  +0.4166
         2  0.1836  +0.1835
         3  0.0835  +0.0834
         4  0.0373  +0.0372
         5  0.0140  +0.0140
         7  0.0112  +0.0075
        10  0.0037  +0.0032
        14  0.0056  +0.0025
        20  0.0019  -0.0015
        28  0.0088  +0.0078
        39  0.0047  +0.0018
        55  0.0088  -0.0069
        76  0.0085  +0.0070
       107  0.0058  +0.0042
       149  0.0010  +0.0001
       208  0.0030  +0.0006
       290  0.0053  +0.0034
       405  0.0052  +0.0032
       566  0.0062  +0.0015
       790  0.0054  -0.0038
      1103  0.0046  +0.0024
      1539  0.0044  +0.0001
      2149  0.0064  -0.0045
      3000  0.0082  -0.0011
SUMMARY: dim=3 menu=edges12 beta=0.2 L=32 T=3000 plateau_|m|=0.0057 lowk_ratio=nan seconds=22
