dim=2 (event lattice Z^3) menu=fib100 beta=6.0 L=128 T=3000 T0=1500 seed=1; predecessors n=5; sigma^2=0.032222
memory table: level, |m|, m.e0
         1  0.9724  +0.9723
         2  0.9644  +0.9643
         3  0.9616  +0.9616
         4  0.9589  +0.9587
         5  0.9585  +0.9583
         7  0.9555  +0.9551
        10  0.9533  +0.9527
        14  0.9523  +0.9510
        20  0.9506  +0.9487
        28  0.9491  +0.9465
        39  0.9473  +0.9443
        55  0.9476  +0.9434
        76  0.9460  +0.9398
       107  0.9468  +0.9379
       149  0.9476  +0.9366
       208  0.9493  +0.9347
       290  0.9493  +0.9339
       405  0.9490  +0.9321
       566  0.9497  +0.9336
       790  0.9500  +0.9333
      1103  0.9478  +0.9355
      1539  0.9511  +0.9339
      2149  0.9498  +0.9323
      3000  0.9495  +0.9322
SUMMARY: dim=2 menu=fib100 beta=6.0 L=128 T=3000 plateau_|m|=0.9494 lowk_ratio=nan seconds=77
