dim=2 (event lattice Z^3) menu=fib20 beta=0.5 L=128 T=3000 T0=1500 seed=1; predecessors n=5; sigma^2=0.245427
memory table: level, |m|, m.e0
         1  0.6204  +0.6204
         2  0.4353  +0.4347
         3  0.3176  +0.3172
         4  0.2353  +0.2345
         5  0.1742  +0.1728
         7  0.0989  +0.0921
        10  0.0464  +0.0376
        14  0.0384  +0.0165
        20  0.0397  +0.0149
        28  0.0395  +0.0000
        39  0.0362  +0.0140
        55  0.0323  +0.0120
        76  0.0430  +0.0131
       107  0.0307  +0.0092
       149  0.0303  +0.0065
       208  0.0311  +0.0042
       290  0.0382  +0.0009
       405  0.0299  +0.0079
       566  0.0317  +0.0079
       790  0.0324  +0.0088
      1103  0.0403  +0.0162
      1539  0.0367  -0.0012
      2149  0.0311  +0.0110
      3000  0.0244  +0.0065
SUMMARY: dim=2 menu=fib20 beta=0.5 L=128 T=3000 plateau_|m|=0.0354 lowk_ratio=nan seconds=18
