dim=3 (event lattice Z^4) menu=edges12 beta=1.0 L=32 T=3000 T0=1500 seed=1; predecessors n=7; sigma^2=0.122449
memory table: level, |m|, m.e0
         1  0.9455  +0.9455
         2  0.9261  +0.9261
         3  0.9141  +0.9141
         4  0.9106  +0.9106
         5  0.9092  +0.9092
         7  0.9062  +0.9062
        10  0.9035  +0.9035
        14  0.9052  +0.9052
        20  0.9045  +0.9045
        28  0.9040  +0.9040
        39  0.9048  +0.9048
        55  0.9082  +0.9082
        76  0.9048  +0.9048
       107  0.9043  +0.9043
       149  0.9056  +0.9056
       208  0.9036  +0.9036
       290  0.9050  +0.9050
       405  0.9070  +0.9070
       566  0.9047  +0.9047
       790  0.9075  +0.9075
      1103  0.9070  +0.9070
      1539  0.9060  +0.9060
      2149  0.9056  +0.9056
      3000  0.9038  +0.9038
SUMMARY: dim=3 menu=edges12 beta=1.0 L=32 T=3000 plateau_|m|=0.9053 lowk_ratio=nan seconds=31
