dim=3 (event lattice Z^4) menu=fib50 beta=0.5 L=32 T=3000 T0=1500 seed=1; predecessors n=7; sigma^2=0.204603
memory table: level, |m|, m.e0
         1  0.7144  +0.7144
         2  0.5937  +0.5936
         3  0.5176  +0.5175
         4  0.4628  +0.4625
         5  0.4221  +0.4217
         7  0.3601  +0.3592
        10  0.2976  +0.2965
        14  0.2395  +0.2382
        20  0.1693  +0.1687
        28  0.1302  +0.1284
        39  0.0733  +0.0698
        55  0.0415  +0.0380
        76  0.0356  +0.0187
       107  0.0212  +0.0048
       149  0.0172  +0.0056
       208  0.0161  -0.0119
       290  0.0177  +0.0111
       405  0.0095  -0.0087
       566  0.0159  -0.0042
       790  0.0080  -0.0023
      1103  0.0125  -0.0122
      1539  0.0120  +0.0017
      2149  0.0129  -0.0014
      3000  0.0033  +0.0006
SUMMARY: dim=3 menu=fib50 beta=0.5 L=32 T=3000 plateau_|m|=0.0151 lowk_ratio=nan seconds=80
