dim=3 (event lattice Z^4) menu=fib100 beta=0.5 L=32 T=3000 T0=1500 seed=1; predecessors n=7; sigma^2=0.204603
memory table: level, |m|, m.e0
         1  0.7179  +0.7179
         2  0.5942  +0.5942
         3  0.5178  +0.5177
         4  0.4611  +0.4610
         5  0.4207  +0.4207
         7  0.3620  +0.3619
        10  0.2976  +0.2976
        14  0.2401  +0.2401
        20  0.1796  +0.1794
        28  0.1239  +0.1232
        39  0.0726  +0.0713
        55  0.0375  +0.0365
        76  0.0324  +0.0313
       107  0.0132  +0.0058
       149  0.0103  -0.0025
       208  0.0197  -0.0171
       290  0.0129  -0.0011
       405  0.0066  +0.0008
       566  0.0271  -0.0105
       790  0.0219  +0.0169
      1103  0.0131  -0.0123
      1539  0.0199  -0.0188
      2149  0.0075  +0.0042
      3000  0.0146  +0.0093
SUMMARY: dim=3 menu=fib100 beta=0.5 L=32 T=3000 plateau_|m|=0.0186 lowk_ratio=nan seconds=174
