dim=2 (event lattice Z^3) menu=axes6 beta=1.5 L=128 T=3000 T0=1500 seed=1; predecessors n=5; sigma^2=0.115556
memory table: level, |m|, m.e0
         1  0.9976  +0.9976
         2  0.9980  +0.9980
         3  0.9979  +0.9979
         4  0.9979  +0.9979
         5  0.9978  +0.9978
         7  0.9971  +0.9971
        10  0.9980  +0.9980
        14  0.9972  +0.9972
        20  0.9979  +0.9979
        28  0.9973  +0.9973
        39  0.9972  +0.9972
        55  0.9975  +0.9975
        76  0.9982  +0.9982
       107  0.9974  +0.9974
       149  0.9968  +0.9968
       208  0.9973  +0.9973
       290  0.9977  +0.9977
       405  0.9980  +0.9980
       566  0.9977  +0.9977
       790  0.9973  +0.9973
      1103  0.9974  +0.9974
      1539  0.9980  +0.9980
      2149  0.9979  +0.9979
      3000  0.9974  +0.9974
SUMMARY: dim=2 menu=axes6 beta=1.5 L=128 T=3000 plateau_|m|=0.9976 lowk_ratio=nan seconds=10
