dim=2 (event lattice Z^3) menu=edges12 beta=3.0 L=128 T=3000 T0=1500 seed=1; predecessors n=5; sigma^2=0.062222
memory table: level, |m|, m.e0
         1  0.9990  +0.9990
         2  0.9988  +0.9988
         3  0.9986  +0.9986
         4  0.9988  +0.9988
         5  0.9991  +0.9991
         7  0.9989  +0.9989
        10  0.9992  +0.9992
        14  0.9984  +0.9984
        20  0.9986  +0.9986
        28  0.9986  +0.9986
        39  0.9987  +0.9987
        55  0.9991  +0.9991
        76  0.9988  +0.9988
       107  0.9990  +0.9990
       149  0.9991  +0.9991
       208  0.9990  +0.9990
       290  0.9987  +0.9987
       405  0.9987  +0.9987
       566  0.9986  +0.9986
       790  0.9988  +0.9988
      1103  0.9990  +0.9990
      1539  0.9985  +0.9985
      2149  0.9990  +0.9990
      3000  0.9988  +0.9988
SUMMARY: dim=2 menu=edges12 beta=3.0 L=128 T=3000 plateau_|m|=0.9988 lowk_ratio=nan seconds=14
