dim=3 (event lattice Z^4) menu=fib200 beta=0.75 L=32 T=3000 T0=1500 seed=1; predecessors n=7; sigma^2=0.154206
memory table: level, |m|, m.e0
         1  0.8097  +0.8097
         2  0.7450  +0.7450
         3  0.7176  +0.7176
         4  0.6980  +0.6980
         5  0.6874  +0.6874
         7  0.6732  +0.6731
        10  0.6655  +0.6654
        14  0.6555  +0.6555
        20  0.6515  +0.6514
        28  0.6513  +0.6513
        39  0.6462  +0.6459
        55  0.6472  +0.6463
        76  0.6401  +0.6392
       107  0.6424  +0.6400
       149  0.6496  +0.6458
       208  0.6439  +0.6379
       290  0.6470  +0.6325
       405  0.6470  +0.6195
       566  0.6360  +0.5988
       790  0.6331  +0.5938
      1103  0.6408  +0.5778
      1539  0.6396  +0.5775
      2149  0.6362  +0.5418
      3000  0.6429  +0.5267
SUMMARY: dim=3 menu=fib200 beta=0.75 L=32 T=3000 plateau_|m|=0.6417 lowk_ratio=nan seconds=417
