dim=3 (event lattice Z^4) menu=fib50 beta=6.0 L=32 T=3000 T0=1500 seed=1; predecessors n=7; sigma^2=0.023243
memory table: level, |m|, m.e0
         1  0.9962  +0.9962
         2  0.9955  +0.9955
         3  0.9955  +0.9955
         4  0.9957  +0.9957
         5  0.9955  +0.9955
         7  0.9955  +0.9955
        10  0.9953  +0.9953
        14  0.9954  +0.9954
        20  0.9954  +0.9954
        28  0.9953  +0.9953
        39  0.9956  +0.9956
        55  0.9952  +0.9952
        76  0.9956  +0.9955
       107  0.9956  +0.9956
       149  0.9953  +0.9953
       208  0.9955  +0.9955
       290  0.9956  +0.9956
       405  0.9953  +0.9953
       566  0.9953  +0.9953
       790  0.9956  +0.9956
      1103  0.9954  +0.9954
      1539  0.9955  +0.9955
      2149  0.9954  +0.9954
      3000  0.9952  +0.9952
SUMMARY: dim=3 menu=fib50 beta=6.0 L=32 T=3000 plateau_|m|=0.9954 lowk_ratio=nan seconds=84
