dim=3 (event lattice Z^4) menu=fib100 beta=0.75 L=32 T=3000 T0=1500 seed=1; predecessors n=7; sigma^2=0.154206
memory table: level, |m|, m.e0
         1  0.8104  +0.8104
         2  0.7444  +0.7444
         3  0.7166  +0.7165
         4  0.6981  +0.6980
         5  0.6868  +0.6866
         7  0.6754  +0.6751
        10  0.6691  +0.6686
        14  0.6650  +0.6643
        20  0.6557  +0.6543
        28  0.6489  +0.6463
        39  0.6520  +0.6479
        55  0.6484  +0.6430
        76  0.6490  +0.6418
       107  0.6458  +0.6342
       149  0.6427  +0.6223
       208  0.6407  +0.6112
       290  0.6532  +0.6124
       405  0.6412  +0.5811
       566  0.6427  +0.5734
       790  0.6505  +0.5599
      1103  0.6470  +0.5567
      1539  0.6460  +0.5462
      2149  0.6461  +0.5483
      3000  0.6440  +0.5416
SUMMARY: dim=3 menu=fib100 beta=0.75 L=32 T=3000 plateau_|m|=0.6463 lowk_ratio=nan seconds=241
