dim=2 (event lattice Z^3) menu=corners8 beta=0.3 L=128 T=3000 T0=1500 seed=1; predecessors n=5; sigma^2=0.292083
memory table: level, |m|, m.e0
         1  0.4658  +0.4658
         2  0.2294  +0.2291
         3  0.1095  +0.1094
         4  0.0445  +0.0439
         5  0.0184  +0.0156
         7  0.0073  -0.0030
        10  0.0041  -0.0026
        14  0.0049  -0.0004
        20  0.0142  -0.0013
        28  0.0101  -0.0079
        39  0.0058  +0.0051
        55  0.0079  -0.0017
        76  0.0120  +0.0049
       107  0.0023  +0.0020
       149  0.0122  -0.0068
       208  0.0154  -0.0079
       290  0.0090  +0.0014
       405  0.0064  -0.0037
       566  0.0106  +0.0096
       790  0.0072  -0.0034
      1103  0.0085  +0.0037
      1539  0.0082  -0.0007
      2149  0.0144  -0.0136
      3000  0.0092  -0.0079
SUMMARY: dim=2 menu=corners8 beta=0.3 L=128 T=3000 plateau_|m|=0.0081 lowk_ratio=nan seconds=11
