dim=3 (event lattice Z^4) menu=axes6 beta=0.3 L=32 T=3000 T0=1500 seed=1; predecessors n=7; sigma^2=0.263932
memory table: level, |m|, m.e0
         1  0.6572  +0.6572
         2  0.4364  +0.4363
         3  0.2908  +0.2908
         4  0.1864  +0.1864
         5  0.1206  +0.1206
         7  0.0532  +0.0530
        10  0.0194  +0.0191
        14  0.0112  +0.0053
        20  0.0013  +0.0009
        28  0.0050  -0.0008
        39  0.0062  -0.0018
        55  0.0052  +0.0028
        76  0.0098  -0.0086
       107  0.0064  -0.0009
       149  0.0082  -0.0021
       208  0.0026  +0.0017
       290  0.0068  -0.0013
       405  0.0040  +0.0034
       566  0.0071  +0.0042
       790  0.0064  +0.0029
      1103  0.0089  +0.0084
      1539  0.0079  +0.0056
      2149  0.0075  -0.0032
      3000  0.0070  +0.0046
SUMMARY: dim=3 menu=axes6 beta=0.3 L=32 T=3000 plateau_|m|=0.0066 lowk_ratio=nan seconds=13
