dim=3 (event lattice Z^4) menu=fib200 beta=0.5 L=32 T=3000 T0=1500 seed=1; predecessors n=7; sigma^2=0.204603
memory table: level, |m|, m.e0
         1  0.7150  +0.7150
         2  0.5948  +0.5947
         3  0.5225  +0.5224
         4  0.4664  +0.4663
         5  0.4254  +0.4252
         7  0.3621  +0.3621
        10  0.2996  +0.2995
        14  0.2356  +0.2353
        20  0.1681  +0.1676
        28  0.1197  +0.1194
        39  0.0714  +0.0713
        55  0.0448  +0.0433
        76  0.0243  +0.0133
       107  0.0297  -0.0043
       149  0.0123  +0.0023
       208  0.0243  -0.0137
       290  0.0079  +0.0062
       405  0.0158  +0.0011
       566  0.0112  +0.0044
       790  0.0143  -0.0038
      1103  0.0218  -0.0047
      1539  0.0141  +0.0052
      2149  0.0240  +0.0126
      3000  0.0236  +0.0193
SUMMARY: dim=3 menu=fib200 beta=0.5 L=32 T=3000 plateau_|m|=0.0165 lowk_ratio=nan seconds=435
