dim=3 (event lattice Z^4) menu=fib100 beta=2.0 L=32 T=3000 T0=1500 seed=1; predecessors n=7; sigma^2=0.066327
memory table: level, |m|, m.e0
         1  0.9305  +0.9305
         2  0.9166  +0.9165
         3  0.9109  +0.9108
         4  0.9085  +0.9083
         5  0.9074  +0.9071
         7  0.9052  +0.9046
        10  0.9040  +0.9031
        14  0.9029  +0.9013
        20  0.9025  +0.8997
        28  0.9018  +0.8972
        39  0.9022  +0.8950
        55  0.9018  +0.8906
        76  0.9021  +0.8877
       107  0.9021  +0.8812
       149  0.9034  +0.8759
       208  0.9042  +0.8705
       290  0.9025  +0.8590
       405  0.9030  +0.8569
       566  0.9023  +0.8625
       790  0.9033  +0.8641
      1103  0.9012  +0.8566
      1539  0.9026  +0.8546
      2149  0.9026  +0.8603
      3000  0.9029  +0.8643
SUMMARY: dim=3 menu=fib100 beta=2.0 L=32 T=3000 plateau_|m|=0.9026 lowk_ratio=nan seconds=222
