dim=3 (event lattice Z^4) menu=fib100 beta=1.0 L=32 T=3000 T0=1500 seed=1; predecessors n=7; sigma^2=0.122449
memory table: level, |m|, m.e0
         1  0.8587  +0.8587
         2  0.8174  +0.8173
         3  0.8021  +0.8019
         4  0.7928  +0.7926
         5  0.7873  +0.7870
         7  0.7823  +0.7819
        10  0.7791  +0.7785
        14  0.7745  +0.7735
        20  0.7728  +0.7711
        28  0.7720  +0.7686
        39  0.7718  +0.7663
        55  0.7710  +0.7608
        76  0.7735  +0.7600
       107  0.7701  +0.7465
       149  0.7700  +0.7345
       208  0.7678  +0.7252
       290  0.7701  +0.7185
       405  0.7681  +0.7107
       566  0.7708  +0.7228
       790  0.7686  +0.7110
      1103  0.7689  +0.6740
      1539  0.7692  +0.6781
      2149  0.7692  +0.7025
      3000  0.7732  +0.6969
SUMMARY: dim=3 menu=fib100 beta=1.0 L=32 T=3000 plateau_|m|=0.7705 lowk_ratio=nan seconds=215
