dim=2 (event lattice Z^3) menu=fib20 beta=2.0 L=128 T=3000 T0=1500 seed=1; predecessors n=5; sigma^2=0.090000
memory table: level, |m|, m.e0
         1  0.9456  +0.9456
         2  0.9237  +0.9236
         3  0.9132  +0.9130
         4  0.9051  +0.9047
         5  0.9010  +0.9004
         7  0.8964  +0.8954
        10  0.8893  +0.8872
        14  0.8896  +0.8872
        20  0.8821  +0.8776
        28  0.8806  +0.8737
        39  0.8803  +0.8708
        55  0.8784  +0.8669
        76  0.8723  +0.8539
       107  0.8739  +0.8485
       149  0.8703  +0.8401
       208  0.8712  +0.8412
       290  0.8718  +0.8334
       405  0.8714  +0.8392
       566  0.8713  +0.8390
       790  0.8708  +0.8310
      1103  0.8723  +0.8333
      1539  0.8702  +0.8296
      2149  0.8719  +0.8381
      3000  0.8723  +0.8352
SUMMARY: dim=2 menu=fib20 beta=2.0 L=128 T=3000 plateau_|m|=0.8717 lowk_ratio=nan seconds=17
