dim=2 (event lattice Z^3) menu=fib50 beta=0.75 L=128 T=3000 T0=1500 seed=1; predecessors n=5; sigma^2=0.195851
memory table: level, |m|, m.e0
         1  0.7336  +0.7336
         2  0.6131  +0.6131
         3  0.5384  +0.5383
         4  0.4850  +0.4849
         5  0.4441  +0.4441
         7  0.3730  +0.3729
        10  0.2969  +0.2961
        14  0.2318  +0.2303
        20  0.1509  +0.1487
        28  0.0955  +0.0949
        39  0.0476  +0.0426
        55  0.0098  +0.0085
        76  0.0228  -0.0144
       107  0.0116  -0.0106
       149  0.0170  -0.0101
       208  0.0099  -0.0097
       290  0.0185  +0.0129
       405  0.0280  -0.0171
       566  0.0210  +0.0173
       790  0.0107  -0.0009
      1103  0.0303  -0.0034
      1539  0.0202  +0.0165
      2149  0.0261  -0.0073
      3000  0.0193  -0.0059
SUMMARY: dim=2 menu=fib50 beta=0.75 L=128 T=3000 plateau_|m|=0.0166 lowk_ratio=nan seconds=43
