dim=2 (event lattice Z^3) menu=fib20 beta=0.3 L=128 T=3000 T0=1500 seed=1; predecessors n=5; sigma^2=0.292083
memory table: level, |m|, m.e0
         1  0.4343  +0.4342
         2  0.2059  +0.2052
         3  0.0992  +0.0990
         4  0.0597  +0.0580
         5  0.0311  +0.0275
         7  0.0270  +0.0096
        10  0.0183  +0.0026
        14  0.0228  +0.0012
        20  0.0242  +0.0060
        28  0.0178  +0.0007
        39  0.0200  +0.0075
        55  0.0247  +0.0007
        76  0.0267  +0.0084
       107  0.0142  +0.0031
       149  0.0177  +0.0072
       208  0.0210  -0.0028
       290  0.0239  +0.0038
       405  0.0253  +0.0022
       566  0.0207  +0.0041
       790  0.0199  +0.0024
      1103  0.0214  +0.0106
      1539  0.0207  +0.0058
      2149  0.0230  +0.0071
      3000  0.0153  +0.0021
SUMMARY: dim=2 menu=fib20 beta=0.3 L=128 T=3000 plateau_|m|=0.0207 lowk_ratio=nan seconds=20
