dim=3 (event lattice Z^4) menu=edges12 beta=0.4 L=32 T=3000 T0=1500 seed=1; predecessors n=7; sigma^2=0.232243
memory table: level, |m|, m.e0
         1  0.6730  +0.6730
         2  0.5061  +0.5061
         3  0.3981  +0.3980
         4  0.3186  +0.3185
         5  0.2620  +0.2620
         7  0.1803  +0.1801
        10  0.0965  +0.0965
        14  0.0521  +0.0520
        20  0.0157  +0.0149
        28  0.0176  +0.0157
        39  0.0090  +0.0029
        55  0.0098  -0.0042
        76  0.0106  +0.0072
       107  0.0075  +0.0063
       149  0.0026  +0.0022
       208  0.0147  +0.0033
       290  0.0064  -0.0007
       405  0.0125  -0.0030
       566  0.0086  +0.0032
       790  0.0062  +0.0028
      1103  0.0103  +0.0064
      1539  0.0083  -0.0055
      2149  0.0073  -0.0057
      3000  0.0086  -0.0073
SUMMARY: dim=3 menu=edges12 beta=0.4 L=32 T=3000 plateau_|m|=0.0089 lowk_ratio=nan seconds=22
