dim=2 (event lattice Z^3) menu=fib50 beta=0.4 L=128 T=3000 T0=1500 seed=1; predecessors n=5; sigma^2=0.268657
memory table: level, |m|, m.e0
         1  0.5376  +0.5374
         2  0.3163  +0.3163
         3  0.1883  +0.1883
         4  0.1156  +0.1155
         5  0.0690  +0.0690
         7  0.0312  +0.0300
        10  0.0134  +0.0088
        14  0.0131  -0.0047
        20  0.0042  -0.0040
        28  0.0159  +0.0130
        39  0.0076  +0.0003
        55  0.0055  -0.0031
        76  0.0090  -0.0057
       107  0.0097  -0.0061
       149  0.0084  +0.0055
       208  0.0067  -0.0031
       290  0.0053  +0.0045
       405  0.0049  -0.0042
       566  0.0150  +0.0128
       790  0.0029  -0.0015
      1103  0.0117  -0.0050
      1539  0.0095  +0.0008
      2149  0.0135  -0.0099
      3000  0.0078  -0.0068
SUMMARY: dim=2 menu=fib50 beta=0.4 L=128 T=3000 plateau_|m|=0.0088 lowk_ratio=nan seconds=41
