dim=2 (event lattice Z^3) menu=corners8 beta=3.0 L=128 T=3000 T0=1500 seed=1; predecessors n=5; sigma^2=0.062222
memory table: level, |m|, m.e0
         1  0.9998  +0.9998
         2  1.0000  +1.0000
         3  1.0000  +1.0000
         4  1.0000  +1.0000
         5  1.0000  +1.0000
         7  0.9999  +0.9999
        10  1.0000  +1.0000
        14  1.0000  +1.0000
        20  0.9998  +0.9998
        28  0.9999  +0.9999
        39  0.9999  +0.9999
        55  0.9999  +0.9999
        76  0.9999  +0.9999
       107  1.0000  +1.0000
       149  0.9999  +0.9999
       208  0.9997  +0.9997
       290  0.9999  +0.9999
       405  1.0000  +1.0000
       566  0.9998  +0.9998
       790  0.9998  +0.9998
      1103  0.9999  +0.9999
      1539  1.0000  +1.0000
      2149  1.0000  +1.0000
      3000  0.9999  +0.9999
SUMMARY: dim=2 menu=corners8 beta=3.0 L=128 T=3000 plateau_|m|=0.9999 lowk_ratio=nan seconds=9
