dim=2 (event lattice Z^3) menu=fib20 beta=6.0 L=128 T=3000 T0=1500 seed=1; predecessors n=5; sigma^2=0.032222
memory table: level, |m|, m.e0
         1  0.9997  +0.9997
         2  0.9997  +0.9997
         3  0.9997  +0.9997
         4  0.9996  +0.9996
         5  0.9997  +0.9997
         7  0.9996  +0.9996
        10  0.9997  +0.9997
        14  0.9996  +0.9996
        20  0.9998  +0.9998
        28  0.9997  +0.9997
        39  0.9996  +0.9996
        55  0.9996  +0.9996
        76  0.9997  +0.9997
       107  0.9997  +0.9997
       149  0.9998  +0.9998
       208  0.9997  +0.9997
       290  0.9996  +0.9996
       405  0.9998  +0.9998
       566  0.9996  +0.9996
       790  0.9997  +0.9997
      1103  0.9997  +0.9997
      1539  0.9997  +0.9997
      2149  0.9997  +0.9997
      3000  0.9997  +0.9997
SUMMARY: dim=2 menu=fib20 beta=6.0 L=128 T=3000 plateau_|m|=0.9997 lowk_ratio=nan seconds=20
