dim=3 (event lattice Z^4) menu=fib50 beta=3.0 L=32 T=3000 T0=1500 seed=1; predecessors n=7; sigma^2=0.045351
memory table: level, |m|, m.e0
         1  0.9675  +0.9675
         2  0.9601  +0.9600
         3  0.9568  +0.9566
         4  0.9550  +0.9547
         5  0.9550  +0.9546
         7  0.9542  +0.9537
        10  0.9533  +0.9525
        14  0.9534  +0.9521
        20  0.9525  +0.9501
        28  0.9518  +0.9482
        39  0.9525  +0.9474
        55  0.9514  +0.9444
        76  0.9511  +0.9420
       107  0.9497  +0.9372
       149  0.9504  +0.9332
       208  0.9504  +0.9307
       290  0.9502  +0.9279
       405  0.9497  +0.9237
       566  0.9505  +0.9216
       790  0.9498  +0.9225
      1103  0.9492  +0.9255
      1539  0.9498  +0.9239
      2149  0.9503  +0.9213
      3000  0.9502  +0.9207
SUMMARY: dim=3 menu=fib50 beta=3.0 L=32 T=3000 plateau_|m|=0.9499 lowk_ratio=nan seconds=129
