dim=3 (event lattice Z^4) menu=edges12 beta=0.3 L=32 T=3000 T0=1500 seed=1; predecessors n=7; sigma^2=0.263932
memory table: level, |m|, m.e0
         1  0.5638  +0.5638
         2  0.3537  +0.3537
         3  0.2280  +0.2279
         4  0.1465  +0.1465
         5  0.0957  +0.0954
         7  0.0449  +0.0442
        10  0.0116  +0.0108
        14  0.0086  +0.0080
        20  0.0058  -0.0032
        28  0.0110  +0.0104
        39  0.0058  +0.0032
        55  0.0114  -0.0090
        76  0.0096  +0.0059
       107  0.0065  +0.0048
       149  0.0028  +0.0007
       208  0.0064  +0.0011
       290  0.0041  -0.0009
       405  0.0098  +0.0001
       566  0.0067  +0.0042
       790  0.0039  -0.0017
      1103  0.0064  +0.0009
      1539  0.0057  -0.0016
      2149  0.0048  -0.0045
      3000  0.0100  -0.0031
SUMMARY: dim=3 menu=edges12 beta=0.3 L=32 T=3000 plateau_|m|=0.0067 lowk_ratio=nan seconds=23
