dim=3 (event lattice Z^4) menu=axes6 beta=0.2 L=32 T=3000 T0=1500 seed=1; predecessors n=7; sigma^2=0.296578
memory table: level, |m|, m.e0
         1  0.4617  +0.4617
         2  0.2073  +0.2072
         3  0.0933  +0.0933
         4  0.0334  +0.0331
         5  0.0127  +0.0126
         7  0.0042  +0.0020
        10  0.0031  +0.0003
        14  0.0119  +0.0031
        20  0.0039  -0.0024
        28  0.0075  -0.0042
        39  0.0067  -0.0024
        55  0.0051  +0.0001
        76  0.0121  -0.0114
       107  0.0040  +0.0007
       149  0.0067  -0.0048
       208  0.0066  +0.0064
       290  0.0090  +0.0022
       405  0.0035  +0.0017
       566  0.0073  +0.0035
       790  0.0048  -0.0011
      1103  0.0061  +0.0060
      1539  0.0058  +0.0049
      2149  0.0046  +0.0005
      3000  0.0044  +0.0032
SUMMARY: dim=3 menu=axes6 beta=0.2 L=32 T=3000 plateau_|m|=0.0057 lowk_ratio=nan seconds=17
