dim=2 (event lattice Z^3) menu=corners8 beta=0.75 L=128 T=3000 T0=1500 seed=1; predecessors n=5; sigma^2=0.195851
memory table: level, |m|, m.e0
         1  0.8521  +0.8521
         2  0.7588  +0.7588
         3  0.6945  +0.6945
         4  0.6363  +0.6363
         5  0.5963  +0.5963
         7  0.5129  +0.5129
        10  0.4306  +0.4306
        14  0.3536  +0.3536
        20  0.2660  +0.2658
        28  0.1706  +0.1701
        39  0.1019  +0.1018
        55  0.0491  +0.0483
        76  0.0385  +0.0334
       107  0.0149  +0.0133
       149  0.0218  -0.0199
       208  0.0062  +0.0046
       290  0.0374  +0.0069
       405  0.0108  -0.0072
       566  0.0207  -0.0058
       790  0.0125  +0.0121
      1103  0.0281  -0.0081
      1539  0.0140  -0.0124
      2149  0.0090  -0.0056
      3000  0.0263  -0.0011
SUMMARY: dim=2 menu=corners8 beta=0.75 L=128 T=3000 plateau_|m|=0.0191 lowk_ratio=nan seconds=7
