dim=2 (event lattice Z^3) menu=corners8 beta=0.5 L=128 T=3000 T0=1500 seed=1; predecessors n=5; sigma^2=0.245427
memory table: level, |m|, m.e0
         1  0.6860  +0.6860
         2  0.4946  +0.4945
         3  0.3603  +0.3603
         4  0.2642  +0.2642
         5  0.1900  +0.1897
         7  0.1043  +0.1039
        10  0.0420  +0.0416
        14  0.0148  +0.0121
        20  0.0151  +0.0023
        28  0.0078  -0.0036
        39  0.0097  +0.0092
        55  0.0086  +0.0006
        76  0.0156  +0.0087
       107  0.0062  +0.0006
       149  0.0154  -0.0139
       208  0.0149  +0.0004
       290  0.0091  +0.0066
       405  0.0089  -0.0068
       566  0.0123  +0.0058
       790  0.0081  -0.0014
      1103  0.0129  +0.0063
      1539  0.0104  +0.0056
      2149  0.0126  -0.0096
      3000  0.0181  -0.0015
SUMMARY: dim=2 menu=corners8 beta=0.5 L=128 T=3000 plateau_|m|=0.0101 lowk_ratio=nan seconds=12
