dim=3 (event lattice Z^4) menu=fib20 beta=3.0 L=32 T=3000 T0=1500 seed=1; predecessors n=7; sigma^2=0.045351
memory table: level, |m|, m.e0
         1  0.9968  +0.9968
         2  0.9961  +0.9961
         3  0.9965  +0.9965
         4  0.9962  +0.9962
         5  0.9965  +0.9965
         7  0.9964  +0.9964
        10  0.9965  +0.9965
        14  0.9964  +0.9964
        20  0.9966  +0.9966
        28  0.9964  +0.9964
        39  0.9965  +0.9965
        55  0.9965  +0.9964
        76  0.9960  +0.9960
       107  0.9964  +0.9964
       149  0.9967  +0.9966
       208  0.9967  +0.9967
       290  0.9963  +0.9963
       405  0.9964  +0.9964
       566  0.9964  +0.9964
       790  0.9962  +0.9962
      1103  0.9963  +0.9963
      1539  0.9964  +0.9964
      2149  0.9962  +0.9962
      3000  0.9962  +0.9962
SUMMARY: dim=3 menu=fib20 beta=3.0 L=32 T=3000 plateau_|m|=0.9964 lowk_ratio=nan seconds=36
