dim=3 (event lattice Z^4) menu=fib200 beta=1.0 L=32 T=3000 T0=1500 seed=1; predecessors n=7; sigma^2=0.122449
memory table: level, |m|, m.e0
         1  0.8579  +0.8579
         2  0.8164  +0.8164
         3  0.8012  +0.8012
         4  0.7917  +0.7917
         5  0.7879  +0.7879
         7  0.7802  +0.7802
        10  0.7773  +0.7773
        14  0.7705  +0.7702
        20  0.7699  +0.7692
        28  0.7696  +0.7689
        39  0.7669  +0.7662
        55  0.7683  +0.7672
        76  0.7635  +0.7599
       107  0.7678  +0.7612
       149  0.7702  +0.7599
       208  0.7667  +0.7536
       290  0.7685  +0.7480
       405  0.7684  +0.7339
       566  0.7653  +0.7209
       790  0.7650  +0.7000
      1103  0.7637  +0.7067
      1539  0.7662  +0.7079
      2149  0.7658  +0.6776
      3000  0.7630  +0.6593
SUMMARY: dim=3 menu=fib200 beta=1.0 L=32 T=3000 plateau_|m|=0.7661 lowk_ratio=nan seconds=332
