dim=2 (event lattice Z^3) menu=fib100 beta=0.3 L=128 T=3000 T0=1500 seed=1; predecessors n=5; sigma^2=0.292083
memory table: level, |m|, m.e0
         1  0.4370  +0.4370
         2  0.2062  +0.2061
         3  0.0942  +0.0939
         4  0.0375  +0.0369
         5  0.0182  +0.0172
         7  0.0103  -0.0025
        10  0.0106  -0.0103
        14  0.0119  +0.0049
        20  0.0068  -0.0068
        28  0.0075  -0.0052
        39  0.0131  -0.0098
        55  0.0068  +0.0066
        76  0.0144  -0.0115
       107  0.0080  +0.0047
       149  0.0117  +0.0023
       208  0.0072  -0.0047
       290  0.0057  -0.0013
       405  0.0128  -0.0122
       566  0.0100  -0.0058
       790  0.0027  -0.0010
      1103  0.0110  -0.0064
      1539  0.0088  -0.0013
      2149  0.0017  -0.0015
      3000  0.0065  -0.0058
SUMMARY: dim=2 menu=fib100 beta=0.3 L=128 T=3000 plateau_|m|=0.0081 lowk_ratio=nan seconds=79
