dim=3 (event lattice Z^4) menu=fib20 beta=0.3 L=32 T=3000 T0=1500 seed=1; predecessors n=7; sigma^2=0.263932
memory table: level, |m|, m.e0
         1  0.5616  +0.5614
         2  0.3567  +0.3565
         3  0.2341  +0.2333
         4  0.1535  +0.1519
         5  0.1048  +0.1026
         7  0.0514  +0.0452
        10  0.0388  +0.0213
        14  0.0332  +0.0048
        20  0.0314  +0.0061
        28  0.0300  +0.0103
        39  0.0346  +0.0073
        55  0.0232  +0.0044
        76  0.0321  +0.0094
       107  0.0267  -0.0002
       149  0.0264  +0.0058
       208  0.0344  +0.0016
       290  0.0260  +0.0084
       405  0.0273  +0.0102
       566  0.0279  +0.0007
       790  0.0315  +0.0074
      1103  0.0256  +0.0112
      1539  0.0249  +0.0046
      2149  0.0288  +0.0109
      3000  0.0201  +0.0069
SUMMARY: dim=3 menu=fib20 beta=0.3 L=32 T=3000 plateau_|m|=0.0290 lowk_ratio=nan seconds=35
