dim=2 (event lattice Z^3) menu=fib20 beta=3.0 L=128 T=3000 T0=1500 seed=1; predecessors n=5; sigma^2=0.062222
memory table: level, |m|, m.e0
         1  0.9848  +0.9848
         2  0.9796  +0.9796
         3  0.9772  +0.9771
         4  0.9759  +0.9757
         5  0.9761  +0.9760
         7  0.9753  +0.9751
        10  0.9755  +0.9753
        14  0.9752  +0.9750
        20  0.9758  +0.9756
        28  0.9745  +0.9744
        39  0.9756  +0.9754
        55  0.9756  +0.9754
        76  0.9744  +0.9742
       107  0.9749  +0.9747
       149  0.9749  +0.9748
       208  0.9745  +0.9744
       290  0.9751  +0.9750
       405  0.9744  +0.9742
       566  0.9761  +0.9759
       790  0.9750  +0.9748
      1103  0.9735  +0.9732
      1539  0.9742  +0.9740
      2149  0.9750  +0.9748
      3000  0.9747  +0.9746
SUMMARY: dim=2 menu=fib20 beta=3.0 L=128 T=3000 plateau_|m|=0.9751 lowk_ratio=nan seconds=19
