dim=2 (event lattice Z^3) menu=fib100 beta=3.0 L=128 T=3000 T0=1500 seed=1; predecessors n=5; sigma^2=0.062222
memory table: level, |m|, m.e0
         1  0.9354  +0.9354
         2  0.9188  +0.9187
         3  0.9112  +0.9111
         4  0.9067  +0.9066
         5  0.9022  +0.9020
         7  0.8989  +0.8985
        10  0.8912  +0.8904
        14  0.8861  +0.8847
        20  0.8846  +0.8821
        28  0.8807  +0.8769
        39  0.8745  +0.8695
        55  0.8721  +0.8656
        76  0.8690  +0.8591
       107  0.8681  +0.8533
       149  0.8674  +0.8520
       208  0.8647  +0.8450
       290  0.8677  +0.8404
       405  0.8696  +0.8235
       566  0.8723  +0.8237
       790  0.8708  +0.8219
      1103  0.8725  +0.8363
      1539  0.8698  +0.8204
      2149  0.8712  +0.8102
      3000  0.8765  +0.8150
SUMMARY: dim=2 menu=fib100 beta=3.0 L=128 T=3000 plateau_|m|=0.8731 lowk_ratio=nan seconds=79
