dim=3 (event lattice Z^4) menu=fib50 beta=2.0 L=32 T=3000 T0=1500 seed=1; predecessors n=7; sigma^2=0.066327
memory table: level, |m|, m.e0
         1  0.9381  +0.9380
         2  0.9234  +0.9232
         3  0.9178  +0.9175
         4  0.9157  +0.9153
         5  0.9146  +0.9139
         7  0.9124  +0.9115
        10  0.9111  +0.9097
        14  0.9111  +0.9089
        20  0.9108  +0.9072
        28  0.9107  +0.9046
        39  0.9121  +0.9016
        55  0.9115  +0.8939
        76  0.9116  +0.8869
       107  0.9119  +0.8820
       149  0.9111  +0.8788
       208  0.9125  +0.8801
       290  0.9136  +0.8803
       405  0.9116  +0.8790
       566  0.9121  +0.8799
       790  0.9122  +0.8800
      1103  0.9107  +0.8798
      1539  0.9116  +0.8785
      2149  0.9118  +0.8782
      3000  0.9114  +0.8800
SUMMARY: dim=3 menu=fib50 beta=2.0 L=32 T=3000 plateau_|m|=0.9116 lowk_ratio=nan seconds=128
