dim=2 (event lattice Z^3) menu=corners8 beta=1.5 L=128 T=3000 T0=1500 seed=1; predecessors n=5; sigma^2=0.115556
memory table: level, |m|, m.e0
         1  0.9863  +0.9863
         2  0.9842  +0.9842
         3  0.9836  +0.9836
         4  0.9830  +0.9830
         5  0.9831  +0.9831
         7  0.9830  +0.9830
        10  0.9833  +0.9833
        14  0.9840  +0.9840
        20  0.9814  +0.9814
        28  0.9814  +0.9814
        39  0.9819  +0.9819
        55  0.9814  +0.9814
        76  0.9824  +0.9824
       107  0.9829  +0.9829
       149  0.9831  +0.9831
       208  0.9840  +0.9840
       290  0.9813  +0.9813
       405  0.9843  +0.9843
       566  0.9815  +0.9815
       790  0.9821  +0.9821
      1103  0.9832  +0.9832
      1539  0.9831  +0.9831
      2149  0.9839  +0.9839
      3000  0.9822  +0.9822
SUMMARY: dim=2 menu=corners8 beta=1.5 L=128 T=3000 plateau_|m|=0.9826 lowk_ratio=nan seconds=8
