dim=2 (event lattice Z^3) menu=edges12 beta=0.4 L=128 T=3000 T0=1500 seed=1; predecessors n=5; sigma^2=0.268657
memory table: level, |m|, m.e0
         1  0.5461  +0.5460
         2  0.3241  +0.3239
         3  0.1944  +0.1942
         4  0.1248  +0.1246
         5  0.0777  +0.0773
         7  0.0245  +0.0239
        10  0.0120  +0.0117
        14  0.0122  +0.0039
        20  0.0047  +0.0046
        28  0.0113  +0.0013
        39  0.0012  -0.0007
        55  0.0102  +0.0041
        76  0.0106  -0.0053
       107  0.0062  +0.0050
       149  0.0047  +0.0016
       208  0.0086  +0.0013
       290  0.0095  -0.0017
       405  0.0072  +0.0032
       566  0.0103  -0.0074
       790  0.0161  +0.0028
      1103  0.0142  +0.0133
      1539  0.0071  +0.0035
      2149  0.0084  -0.0014
      3000  0.0045  +0.0040
SUMMARY: dim=2 menu=edges12 beta=0.4 L=128 T=3000 plateau_|m|=0.0090 lowk_ratio=nan seconds=11
