dim=2 (event lattice Z^3) menu=fib100 beta=0.2 L=128 T=3000 T0=1500 seed=1; predecessors n=5; sigma^2=0.313035
memory table: level, |m|, m.e0
         1  0.3153  +0.3152
         2  0.1022  +0.1019
         3  0.0346  +0.0335
         4  0.0077  +0.0068
         5  0.0061  +0.0026
         7  0.0095  -0.0088
        10  0.0089  -0.0073
        14  0.0094  +0.0057
        20  0.0033  -0.0030
        28  0.0095  -0.0083
        39  0.0119  -0.0107
        55  0.0067  +0.0061
        76  0.0129  -0.0110
       107  0.0087  +0.0076
       149  0.0104  +0.0046
       208  0.0122  -0.0055
       290  0.0043  -0.0038
       405  0.0085  -0.0077
       566  0.0049  -0.0008
       790  0.0050  -0.0017
      1103  0.0112  -0.0076
      1539  0.0076  +0.0021
      2149  0.0031  -0.0026
      3000  0.0077  -0.0063
SUMMARY: dim=2 menu=fib100 beta=0.2 L=128 T=3000 plateau_|m|=0.0076 lowk_ratio=nan seconds=79
