dim=2 (event lattice Z^3) menu=edges12 beta=2.0 L=128 T=3000 T0=1500 seed=1; predecessors n=5; sigma^2=0.090000
memory table: level, |m|, m.e0
         1  0.9868  +0.9868
         2  0.9843  +0.9843
         3  0.9831  +0.9831
         4  0.9818  +0.9818
         5  0.9827  +0.9827
         7  0.9821  +0.9821
        10  0.9834  +0.9834
        14  0.9817  +0.9817
        20  0.9812  +0.9812
        28  0.9818  +0.9818
        39  0.9815  +0.9815
        55  0.9834  +0.9834
        76  0.9840  +0.9840
       107  0.9827  +0.9827
       149  0.9831  +0.9831
       208  0.9824  +0.9824
       290  0.9825  +0.9825
       405  0.9818  +0.9818
       566  0.9825  +0.9825
       790  0.9806  +0.9806
      1103  0.9812  +0.9812
      1539  0.9807  +0.9807
      2149  0.9828  +0.9828
      3000  0.9816  +0.9816
SUMMARY: dim=2 menu=edges12 beta=2.0 L=128 T=3000 plateau_|m|=0.9820 lowk_ratio=nan seconds=11
