dim=3 (event lattice Z^4) menu=corners8 beta=1.0 L=32 T=3000 T0=1500 seed=1; predecessors n=7; sigma^2=0.122449
memory table: level, |m|, m.e0
         1  0.9813  +0.9813
         2  0.9778  +0.9778
         3  0.9772  +0.9772
         4  0.9769  +0.9769
         5  0.9767  +0.9767
         7  0.9774  +0.9774
        10  0.9755  +0.9755
        14  0.9778  +0.9778
        20  0.9768  +0.9768
        28  0.9763  +0.9763
        39  0.9766  +0.9766
        55  0.9771  +0.9771
        76  0.9767  +0.9767
       107  0.9762  +0.9762
       149  0.9773  +0.9773
       208  0.9768  +0.9768
       290  0.9775  +0.9775
       405  0.9770  +0.9770
       566  0.9766  +0.9766
       790  0.9759  +0.9759
      1103  0.9771  +0.9771
      1539  0.9780  +0.9780
      2149  0.9758  +0.9758
      3000  0.9764  +0.9764
SUMMARY: dim=3 menu=corners8 beta=1.0 L=32 T=3000 plateau_|m|=0.9769 lowk_ratio=nan seconds=19
