dim=2 (event lattice Z^3) menu=corners8 beta=0.2 L=128 T=3000 T0=1500 seed=1; predecessors n=5; sigma^2=0.313035
memory table: level, |m|, m.e0
         1  0.3234  +0.3234
         2  0.1148  +0.1143
         3  0.0383  +0.0382
         4  0.0112  +0.0083
         5  0.0120  -0.0017
         7  0.0066  -0.0041
        10  0.0062  -0.0017
        14  0.0063  -0.0010
        20  0.0068  -0.0012
        28  0.0079  -0.0074
        39  0.0062  +0.0043
        55  0.0084  -0.0004
        76  0.0122  +0.0040
       107  0.0025  +0.0013
       149  0.0100  -0.0057
       208  0.0107  -0.0072
       290  0.0028  -0.0020
       405  0.0057  -0.0042
       566  0.0134  +0.0124
       790  0.0048  -0.0022
      1103  0.0060  +0.0052
      1539  0.0069  -0.0012
      2149  0.0138  -0.0119
      3000  0.0082  -0.0050
SUMMARY: dim=2 menu=corners8 beta=0.2 L=128 T=3000 plateau_|m|=0.0076 lowk_ratio=nan seconds=7
