dim=3 (event lattice Z^4) menu=axes6 beta=0.4 L=32 T=3000 T0=1500 seed=1; predecessors n=7; sigma^2=0.232243
memory table: level, |m|, m.e0
         1  0.8007  +0.8007
         2  0.6639  +0.6638
         3  0.5582  +0.5582
         4  0.4694  +0.4694
         5  0.3964  +0.3964
         7  0.2851  +0.2850
        10  0.1797  +0.1797
        14  0.0945  +0.0934
        20  0.0249  +0.0246
        28  0.0110  +0.0043
        39  0.0086  -0.0077
        55  0.0047  +0.0038
        76  0.0129  -0.0041
       107  0.0091  -0.0037
       149  0.0137  -0.0080
       208  0.0054  +0.0002
       290  0.0087  -0.0042
       405  0.0053  -0.0026
       566  0.0074  +0.0056
       790  0.0060  -0.0015
      1103  0.0092  +0.0070
      1539  0.0126  +0.0069
      2149  0.0075  -0.0068
      3000  0.0084  +0.0057
SUMMARY: dim=3 menu=axes6 beta=0.4 L=32 T=3000 plateau_|m|=0.0092 lowk_ratio=nan seconds=13
