dim=3 (event lattice Z^4) menu=fib20 beta=0.5 L=32 T=3000 T0=1500 seed=1; predecessors n=7; sigma^2=0.204603
memory table: level, |m|, m.e0
         1  0.7317  +0.7316
         2  0.6099  +0.6095
         3  0.5348  +0.5340
         4  0.4819  +0.4809
         5  0.4428  +0.4409
         7  0.3816  +0.3787
        10  0.3242  +0.3177
        14  0.2700  +0.2590
        20  0.2227  +0.1985
        28  0.1804  +0.1430
        39  0.1595  +0.0990
        55  0.1463  +0.0740
        76  0.1525  +0.0433
       107  0.1439  +0.0200
       149  0.1418  +0.0191
       208  0.1706  +0.0351
       290  0.1624  +0.0487
       405  0.1563  +0.0358
       566  0.1484  +0.0289
       790  0.1614  +0.0359
      1103  0.1490  +0.0461
      1539  0.1516  +0.0389
      2149  0.1469  +0.0316
      3000  0.1434  +0.0319
SUMMARY: dim=3 menu=fib20 beta=0.5 L=32 T=3000 plateau_|m|=0.1569 lowk_ratio=nan seconds=35
