dim=2 (event lattice Z^3) menu=fib200 beta=3.0 L=128 T=3000 T0=1500 seed=1; predecessors n=5; sigma^2=0.062222
memory table: level, |m|, m.e0
         1  0.9334  +0.9334
         2  0.9174  +0.9174
         3  0.9087  +0.9086
         4  0.9038  +0.9038
         5  0.8999  +0.8999
         7  0.8945  +0.8944
        10  0.8915  +0.8914
        14  0.8851  +0.8849
        20  0.8806  +0.8802
        28  0.8741  +0.8735
        39  0.8729  +0.8719
        55  0.8687  +0.8672
        76  0.8675  +0.8651
       107  0.8613  +0.8570
       149  0.8541  +0.8452
       208  0.8504  +0.8421
       290  0.8464  +0.8339
       405  0.8441  +0.8187
       566  0.8452  +0.8200
       790  0.8506  +0.8273
      1103  0.8404  +0.8066
      1539  0.8486  +0.8116
      2149  0.8398  +0.7927
      3000  0.8516  +0.8001
SUMMARY: dim=2 menu=fib200 beta=3.0 L=128 T=3000 plateau_|m|=0.8486 lowk_ratio=nan seconds=161
