dim=2 (event lattice Z^3) menu=axes6 beta=0.5 L=128 T=3000 T0=1500 seed=1; predecessors n=5; sigma^2=0.245427
memory table: level, |m|, m.e0
         1  0.7437  +0.7437
         2  0.5753  +0.5753
         3  0.4329  +0.4328
         4  0.3237  +0.3234
         5  0.2378  +0.2375
         7  0.1326  +0.1324
        10  0.0536  +0.0534
        14  0.0192  +0.0192
        20  0.0057  +0.0036
        28  0.0134  +0.0045
        39  0.0020  -0.0009
        55  0.0110  +0.0002
        76  0.0100  -0.0088
       107  0.0088  +0.0059
       149  0.0191  -0.0156
       208  0.0094  -0.0059
       290  0.0098  +0.0079
       405  0.0177  +0.0010
       566  0.0141  +0.0101
       790  0.0061  +0.0043
      1103  0.0198  +0.0176
      1539  0.0075  -0.0043
      2149  0.0104  +0.0037
      3000  0.0137  +0.0001
SUMMARY: dim=2 menu=axes6 beta=0.5 L=128 T=3000 plateau_|m|=0.0102 lowk_ratio=nan seconds=6
