dim=3 (event lattice Z^4) menu=fib50 beta=1.5 L=32 T=3000 T0=1500 seed=1; predecessors n=7; sigma^2=0.086168
memory table: level, |m|, m.e0
         1  0.9112  +0.9111
         2  0.8896  +0.8895
         3  0.8821  +0.8817
         4  0.8793  +0.8787
         5  0.8763  +0.8754
         7  0.8734  +0.8721
        10  0.8697  +0.8678
        14  0.8722  +0.8693
        20  0.8709  +0.8655
        28  0.8698  +0.8622
        39  0.8707  +0.8580
        55  0.8703  +0.8498
        76  0.8711  +0.8414
       107  0.8702  +0.8306
       149  0.8722  +0.8270
       208  0.8719  +0.8206
       290  0.8724  +0.8187
       405  0.8697  +0.8170
       566  0.8697  +0.8178
       790  0.8713  +0.8198
      1103  0.8695  +0.8178
      1539  0.8708  +0.8218
      2149  0.8709  +0.8114
      3000  0.8709  +0.8220
SUMMARY: dim=3 menu=fib50 beta=1.5 L=32 T=3000 plateau_|m|=0.8710 lowk_ratio=nan seconds=83
