dim=3 (event lattice Z^4) menu=corners8 beta=1.5 L=32 T=3000 T0=1500 seed=1; predecessors n=7; sigma^2=0.086168
memory table: level, |m|, m.e0
         1  0.9985  +0.9985
         2  0.9983  +0.9983
         3  0.9984  +0.9984
         4  0.9979  +0.9979
         5  0.9981  +0.9981
         7  0.9979  +0.9979
        10  0.9977  +0.9977
        14  0.9979  +0.9979
        20  0.9982  +0.9982
        28  0.9978  +0.9978
        39  0.9984  +0.9984
        55  0.9980  +0.9980
        76  0.9981  +0.9981
       107  0.9980  +0.9980
       149  0.9980  +0.9980
       208  0.9983  +0.9983
       290  0.9979  +0.9979
       405  0.9982  +0.9982
       566  0.9979  +0.9979
       790  0.9979  +0.9979
      1103  0.9980  +0.9980
      1539  0.9982  +0.9982
      2149  0.9977  +0.9977
      3000  0.9978  +0.9978
SUMMARY: dim=3 menu=corners8 beta=1.5 L=32 T=3000 plateau_|m|=0.9981 lowk_ratio=nan seconds=15
