dim=3 (event lattice Z^4) menu=fib20 beta=1.5 L=32 T=3000 T0=1500 seed=1; predecessors n=7; sigma^2=0.086168
memory table: level, |m|, m.e0
         1  0.9512  +0.9512
         2  0.9352  +0.9351
         3  0.9292  +0.9289
         4  0.9270  +0.9266
         5  0.9248  +0.9242
         7  0.9247  +0.9240
        10  0.9227  +0.9215
        14  0.9222  +0.9205
        20  0.9212  +0.9191
        28  0.9208  +0.9186
        39  0.9216  +0.9195
        55  0.9217  +0.9194
        76  0.9212  +0.9194
       107  0.9214  +0.9192
       149  0.9220  +0.9200
       208  0.9206  +0.9182
       290  0.9210  +0.9183
       405  0.9206  +0.9185
       566  0.9205  +0.9182
       790  0.9210  +0.9185
      1103  0.9211  +0.9193
      1539  0.9207  +0.9183
      2149  0.9224  +0.9205
      3000  0.9208  +0.9193
SUMMARY: dim=3 menu=fib20 beta=1.5 L=32 T=3000 plateau_|m|=0.9212 lowk_ratio=nan seconds=40
