dim=3 (event lattice Z^4) menu=edges12 beta=3.0 L=32 T=3000 T0=1500 seed=1; predecessors n=7; sigma^2=0.045351
memory table: level, |m|, m.e0
         1  0.9999  +0.9999
         2  1.0000  +1.0000
         3  0.9999  +0.9999
         4  0.9999  +0.9999
         5  1.0000  +1.0000
         7  0.9999  +0.9999
        10  0.9999  +0.9999
        14  0.9999  +0.9999
        20  1.0000  +1.0000
        28  1.0000  +1.0000
        39  1.0000  +1.0000
        55  0.9999  +0.9999
        76  0.9999  +0.9999
       107  0.9999  +0.9999
       149  0.9999  +0.9999
       208  1.0000  +1.0000
       290  0.9999  +0.9999
       405  1.0000  +1.0000
       566  0.9999  +0.9999
       790  0.9999  +0.9999
      1103  0.9999  +0.9999
      1539  1.0000  +1.0000
      2149  1.0000  +1.0000
      3000  1.0000  +1.0000
SUMMARY: dim=3 menu=edges12 beta=3.0 L=32 T=3000 plateau_|m|=0.9999 lowk_ratio=nan seconds=22
