dim=2 (event lattice Z^3) menu=axes6 beta=2.0 L=128 T=3000 T0=1500 seed=1; predecessors n=5; sigma^2=0.090000
memory table: level, |m|, m.e0
         1  0.9998  +0.9998
         2  0.9997  +0.9997
         3  1.0000  +1.0000
         4  0.9998  +0.9998
         5  1.0000  +1.0000
         7  0.9999  +0.9999
        10  0.9999  +0.9999
        14  0.9998  +0.9998
        20  0.9998  +0.9998
        28  1.0000  +1.0000
        39  0.9996  +0.9996
        55  0.9998  +0.9998
        76  0.9999  +0.9999
       107  0.9999  +0.9999
       149  0.9998  +0.9998
       208  0.9997  +0.9997
       290  0.9998  +0.9998
       405  0.9998  +0.9998
       566  0.9998  +0.9998
       790  0.9998  +0.9998
      1103  0.9996  +0.9996
      1539  0.9998  +0.9998
      2149  0.9998  +0.9998
      3000  0.9997  +0.9997
SUMMARY: dim=2 menu=axes6 beta=2.0 L=128 T=3000 plateau_|m|=0.9998 lowk_ratio=nan seconds=6
