dim=3 (event lattice Z^4) menu=fib100 beta=0.2 L=32 T=3000 T0=1500 seed=1; predecessors n=7; sigma^2=0.296578
memory table: level, |m|, m.e0
         1  0.4139  +0.4139
         2  0.1810  +0.1810
         3  0.0837  +0.0836
         4  0.0293  +0.0287
         5  0.0117  +0.0101
         7  0.0055  +0.0040
        10  0.0009  -0.0004
        14  0.0051  -0.0000
        20  0.0090  -0.0075
        28  0.0026  +0.0022
        39  0.0049  +0.0029
        55  0.0025  -0.0018
        76  0.0053  +0.0039
       107  0.0048  -0.0046
       149  0.0072  -0.0052
       208  0.0118  +0.0097
       290  0.0055  -0.0047
       405  0.0033  -0.0029
       566  0.0059  -0.0006
       790  0.0055  +0.0044
      1103  0.0073  +0.0048
      1539  0.0045  +0.0031
      2149  0.0016  -0.0002
      3000  0.0078  -0.0017
SUMMARY: dim=3 menu=fib100 beta=0.2 L=32 T=3000 plateau_|m|=0.0059 lowk_ratio=nan seconds=163
