dim=2 (event lattice Z^3) menu=fib100 beta=0.5 L=128 T=3000 T0=1500 seed=1; predecessors n=5; sigma^2=0.245427
memory table: level, |m|, m.e0
         1  0.6108  +0.6107
         2  0.4180  +0.4180
         3  0.2954  +0.2954
         4  0.2104  +0.2104
         5  0.1519  +0.1518
         7  0.0736  +0.0734
        10  0.0231  +0.0213
        14  0.0162  +0.0116
        20  0.0052  -0.0017
        28  0.0156  +0.0024
        39  0.0093  -0.0070
        55  0.0105  +0.0047
        76  0.0147  -0.0103
       107  0.0064  -0.0016
       149  0.0131  +0.0070
       208  0.0032  +0.0006
       290  0.0056  +0.0033
       405  0.0180  -0.0174
       566  0.0122  -0.0118
       790  0.0133  +0.0012
      1103  0.0072  -0.0004
      1539  0.0157  +0.0020
      2149  0.0112  -0.0059
      3000  0.0119  -0.0106
SUMMARY: dim=2 menu=fib100 beta=0.5 L=128 T=3000 plateau_|m|=0.0096 lowk_ratio=nan seconds=97
