dim=3 (event lattice Z^4) menu=corners8 beta=0.5 L=32 T=3000 T0=1500 seed=1; predecessors n=7; sigma^2=0.204603
memory table: level, |m|, m.e0
         1  0.8243  +0.8243
         2  0.7242  +0.7242
         3  0.6566  +0.6566
         4  0.6040  +0.6040
         5  0.5578  +0.5578
         7  0.4915  +0.4915
        10  0.4093  +0.4092
        14  0.3365  +0.3365
        20  0.2671  +0.2671
        28  0.1956  +0.1956
        39  0.1393  +0.1388
        55  0.0914  +0.0913
        76  0.0396  +0.0392
       107  0.0254  +0.0154
       149  0.0240  +0.0080
       208  0.0217  -0.0058
       290  0.0101  -0.0082
       405  0.0093  +0.0002
       566  0.0211  +0.0155
       790  0.0192  +0.0100
      1103  0.0151  -0.0065
      1539  0.0225  -0.0042
      2149  0.0122  +0.0092
      3000  0.0219  -0.0190
SUMMARY: dim=3 menu=corners8 beta=0.5 L=32 T=3000 plateau_|m|=0.0161 lowk_ratio=nan seconds=19
