dim=2 (event lattice Z^3) menu=fib50 beta=3.0 L=128 T=3000 T0=1500 seed=1; predecessors n=5; sigma^2=0.062222
memory table: level, |m|, m.e0
         1  0.9436  +0.9436
         2  0.9280  +0.9278
         3  0.9204  +0.9201
         4  0.9152  +0.9148
         5  0.9122  +0.9116
         7  0.9079  +0.9069
        10  0.9034  +0.9020
        14  0.9000  +0.8977
        20  0.8949  +0.8922
        28  0.8919  +0.8880
        39  0.8900  +0.8847
        55  0.8895  +0.8805
        76  0.8877  +0.8772
       107  0.8870  +0.8734
       149  0.8907  +0.8716
       208  0.8891  +0.8594
       290  0.8933  +0.8596
       405  0.8931  +0.8548
       566  0.8946  +0.8610
       790  0.8927  +0.8572
      1103  0.8943  +0.8528
      1539  0.8917  +0.8568
      2149  0.8951  +0.8639
      3000  0.8931  +0.8603
SUMMARY: dim=2 menu=fib50 beta=3.0 L=128 T=3000 plateau_|m|=0.8933 lowk_ratio=nan seconds=46
