dim=2 (event lattice Z^3) menu=fib200 beta=0.3 L=128 T=3000 T0=1500 seed=1; predecessors n=5; sigma^2=0.292083
memory table: level, |m|, m.e0
         1  0.4365  +0.4365
         2  0.2056  +0.2055
         3  0.0988  +0.0987
         4  0.0434  +0.0413
         5  0.0136  +0.0133
         7  0.0053  +0.0003
        10  0.0025  +0.0017
        14  0.0035  +0.0021
        20  0.0173  -0.0140
        28  0.0087  +0.0077
        39  0.0118  +0.0012
        55  0.0062  +0.0001
        76  0.0018  -0.0001
       107  0.0134  +0.0010
       149  0.0152  -0.0057
       208  0.0082  +0.0031
       290  0.0132  +0.0016
       405  0.0110  -0.0097
       566  0.0081  +0.0079
       790  0.0088  +0.0004
      1103  0.0055  -0.0047
      1539  0.0058  -0.0055
      2149  0.0085  -0.0009
      3000  0.0149  +0.0006
SUMMARY: dim=2 menu=fib200 beta=0.3 L=128 T=3000 plateau_|m|=0.0082 lowk_ratio=nan seconds=173
