oct r=1: 1 candidates, 1 pass the QCA conditions
    alpha(X_0) = X(0, 0, 0)
cube r=1: 1 candidates, 1 pass the QCA conditions
    alpha(X_0) = X(0, 0, 0)
oct r=2: 2 candidates, 2 pass the QCA conditions
    alpha(X_0) = X(0, 0, 0)
    alpha(X_0) = X(-1, -1, 0) X(-1, 0, -1) X(-1, 0, 1) X(-1, 1, 0) Y(0, -2, 0) X(0, -1, -1) X(0, -1, 1) Z(0, 0, -2) X(0, 0, 0) Z(0, 0, 2) X(0, 1, -1) X(0, 1, 1) Y(0, 2, 0) X(1, -1, 0) X(1, 0, -1) X(1, 0, 1) X(1, 1, 0)
cube r=2: 512 candidates, 4 pass the QCA conditions
    alpha(X_0) = X(0, 0, 0)
    alpha(X_0) = Z(-2, -2, 0) X(-2, -1, -1) X(-2, -1, 1) Y(-2, 0, -2) Y(-2, 0, 2) X(-2, 1, -1) X(-2, 1, 1) Z(-2, 2, 0) X(-1, -2, -1) X(-1, -2, 1) X(-1, -1, -2) X(-1, -1, 2) X(-1, 1, -2) X(-1, 1, 2) X(-1, 2, -1) X(-1, 2, 1) X(0, 0, 0) X(1, -2, -1) X(1, -2, 1) X(1, -1, -2) X(1, -1, 2) X(1, 1, -2) X(1, 1, 2) X(1, 2, -1) X(1, 2, 1) Z(2, -2, 0) X(2, -1, -1) X(2, -1, 1) Y(2, 0, -2) Y(2, 0, 2) X(2, 1, -1) X(2, 1, 1) Z(2, 2, 0)
    alpha(X_0) = X(-1, -1, 0) X(-1, 0, -1) X(-1, 0, 1) X(-1, 1, 0) Y(0, -2, 0) X(0, -1, -1) X(0, -1, 1) Z(0, 0, -2) X(0, 0, 0) Z(0, 0, 2) X(0, 1, -1) X(0, 1, 1) Y(0, 2, 0) X(1, -1, 0) X(1, 0, -1) X(1, 0, 1) X(1, 1, 0)
    alpha(X_0) = Z(-2, -2, 0) X(-2, -1, -1) X(-2, -1, 0) X(-2, -1, 1) Y(-2, 0, -2) X(-2, 0, -1) X(-2, 0, 1) Y(-2, 0, 2) X(-2, 1, -1) X(-2, 1, 0) X(-2, 1, 1) Z(-2, 2, 0) X(-1, -2, -1) X(-1, -2, 0) X(-1, -2, 1) X(-1, -1, -2) X(-1, -1, 0) X(-1, -1, 2) X(-1, 0, -2) X(-1, 0, -1) X(-1, 0, 1) X(-1, 0, 2) X(-1, 1, -2) X(-1, 1, 0) X(-1, 1, 2) X(-1, 2, -1) X(-1, 2, 0) X(-1, 2, 1) X(0, -2, -1) Y(0, -2, 0) X(0, -2, 1) X(0, -1, -2) X(0, -1, -1) X(0, -1, 1) X(0, -1, 2) Z(0, 0, -2) X(0, 0, 0) Z(0, 0, 2) X(0, 1, -2) X(0, 1, -1) X(0, 1, 1) X(0, 1, 2) X(0, 2, -1) Y(0, 2, 0) X(0, 2, 1) X(1, -2, -1) X(1, -2, 0) X(1, -2, 1) X(1, -1, -2) X(1, -1, 0) X(1, -1, 2) X(1, 0, -2) X(1, 0, -1) X(1, 0, 1) X(1, 0, 2) X(1, 1, -2) X(1, 1, 0) X(1, 1, 2) X(1, 2, -1) X(1, 2, 0) X(1, 2, 1) Z(2, -2, 0) X(2, -1, -1) X(2, -1, 0) X(2, -1, 1) Y(2, 0, -2) X(2, 0, -1) X(2, 0, 1) Y(2, 0, 2) X(2, 1, -1) X(2, 1, 0) X(2, 1, 1) Z(2, 2, 0)
oct r=3: 32 candidates, 4 pass the QCA conditions
    alpha(X_0) = X(0, 0, 0)
    alpha(X_0) = X(-2, -1, 0) X(-2, 0, -1) X(-2, 0, 1) X(-2, 1, 0) Z(-1, -2, 0) X(-1, -1, -1) X(-1, -1, 1) Y(-1, 0, -2) Y(-1, 0, 2) X(-1, 1, -1) X(-1, 1, 1) Z(-1, 2, 0) Y(0, -3, 0) Z(0, -2, -1) Z(0, -2, 1) Y(0, -1, -2) Y(0, -1, 0) Y(0, -1, 2) Z(0, 0, -3) Z(0, 0, -1) X(0, 0, 0) Z(0, 0, 1) Z(0, 0, 3) Y(0, 1, -2) Y(0, 1, 0) Y(0, 1, 2) Z(0, 2, -1) Z(0, 2, 1) Y(0, 3, 0) Z(1, -2, 0) X(1, -1, -1) X(1, -1, 1) Y(1, 0, -2) Y(1, 0, 2) X(1, 1, -1) X(1, 1, 1) Z(1, 2, 0) X(2, -1, 0) X(2, 0, -1) X(2, 0, 1) X(2, 1, 0)
    alpha(X_0) = X(-1, -1, 0) X(-1, 0, -1) X(-1, 0, 1) X(-1, 1, 0) Y(0, -2, 0) X(0, -1, -1) X(0, -1, 1) Z(0, 0, -2) X(0, 0, 0) Z(0, 0, 2) X(0, 1, -1) X(0, 1, 1) Y(0, 2, 0) X(1, -1, 0) X(1, 0, -1) X(1, 0, 1) X(1, 1, 0)
    alpha(X_0) = X(-2, -1, 0) X(-2, 0, -1) X(-2, 0, 1) X(-2, 1, 0) Z(-1, -2, 0) X(-1, -1, -1) X(-1, -1, 0) X(-1, -1, 1) Y(-1, 0, -2) X(-1, 0, -1) X(-1, 0, 1) Y(-1, 0, 2) X(-1, 1, -1) X(-1, 1, 0) X(-1, 1, 1) Z(-1, 2, 0) Y(0, -3, 0) Z(0, -2, -1) Y(0, -2, 0) Z(0, -2, 1) Y(0, -1, -2) X(0, -1, -1) Y(0, -1, 0) X(0, -1, 1) Y(0, -1, 2) Z(0, 0, -3) Z(0, 0, -2) Z(0, 0, -1) X(0, 0, 0) Z(0, 0, 1) Z(0, 0, 2) Z(0, 0, 3) Y(0, 1, -2) X(0, 1, -1) Y(0, 1, 0) X(0, 1, 1) Y(0, 1, 2) Z(0, 2, -1) Y(0, 2, 0) Z(0, 2, 1) Y(0, 3, 0) Z(1, -2, 0) X(1, -1, -1) X(1, -1, 0) X(1, -1, 1) Y(1, 0, -2) X(1, 0, -1) X(1, 0, 1) Y(1, 0, 2) X(1, 1, -1) X(1, 1, 0) X(1, 1, 1) Z(1, 2, 0) X(2, -1, 0) X(2, 0, -1) X(2, 0, 1) X(2, 1, 0)
