L=6: long-wavelength metric removes q-orbits [(0, 0, 0), (0, 0, 1), (0, 1, 1)] (|q| <= pi/2) and the Casimir

== L=6 lp:0: 34138 samples (3 files); <s.s>_NN/bond -1.0098 ==
  A49 sets, plain metric: S1b-inv(3) 0.04115(0.002); S1inv(11) 0.00291(0.0003); S1uS2inv(14) 0.002772(0.0003)
 R^2 ncls |  B mod           B4 mod          |  B LW            B4 LW           | B4 mod bias-corr
   1   1 | 0.8766(0.09)    0.06533(0.002)  | 1.252(0.1)      0.08462(0.004)  | 0.0659
   2   2 | 0.05144(0.002)  0.008859(0.0007) | 0.1099(0.005)   0.01769(0.001)  | 0.009021
   3   3 | 0.03332(0.006)  0.008788(0.0009) | 0.0977(0.009)   0.01759(0.001)  | 0.009077
   4   4 | 0.03031(0.004)  0.003188(0.0004) | 0.08542(0.006)  0.007316(0.0007) | 0.00329
   6   6 | 0.01468(0.001)  0.002931(0.0003) | 0.08139(0.005)  0.007081(0.0006) | 0.003038
   9   9 | 0.01262(0.002)  0.002795(0.0003) | 0.06899(0.002)  0.006778(0.0006) | 0.002923
  12  12 | 0.009847(0.002) 0.002752(0.0004) | 0.05732(0.002)  0.006638(0.0005) | 0.002929
  27  19 | 0.00613(0.001)  0.002627(0.0004) | 0.04251(0.002)  0.006523(0.0005) | 0.002871

== L=6 lp:0.1: 17014 samples (1 files); <s.s>_NN/bond -1.0085 ==
  A49 sets, plain metric: S1b-inv(3) 0.0414(0.003); S1inv(11) 0.003116(0.0003); S1uS2inv(14) 0.002971(0.0003)
 R^2 ncls |  B mod           B4 mod          |  B LW            B4 LW           | B4 mod bias-corr
   1   1 | 0.7447(0.04)    0.07089(0.006)  | 1.064(0.06)     0.09282(0.009)  | 0.07503
   2   2 | 0.05229(0.005)  0.007425(0.0003) | 0.1108(0.009)   0.01508(0.0006) | 0.007511
   3   3 | 0.02637(0.001)  0.007178(0.0002) | 0.08516(0.004)  0.01508(0.0006) | 0.007275
   4   4 | 0.02497(0.002)  0.003324(0.0003) | 0.07779(0.005)  0.008067(0.0008) | 0.003479
   6   6 | 0.01327(0.001)  0.002995(0.0002) | 0.07592(0.005)  0.007946(0.0008) | 0.003131
   9   9 | 0.01064(0.0007) 0.002769(0.0002) | 0.06937(0.004)  0.007564(0.0008) | 0.002894
  12  12 | 0.007601(0.0004) 0.002616(0.0002) | 0.05886(0.004)  0.007417(0.0008) | 0.002745
  27  19 | 0.004521(0.0002) 0.002448(0.0002) | 0.04145(0.002)  0.007284(0.0008) | 0.002576

== L=6 neez:0.05: 17093 samples (1 files); <s.s>_NN/bond -1.0267 ==
  A49 sets, plain metric: S1b-inv(3) 0.03981(0.004); S1inv(11) 0.003986(0.0004); S1uS2inv(14) 0.003573(0.0002)
 R^2 ncls |  B mod           B4 mod          |  B LW            B4 LW           | B4 mod bias-corr
   1   1 | 0.8408(0.07)    0.05975(0.005)  | 1.201(0.1)      0.07648(0.005)  | 0.06063
   2   2 | 0.04885(0.005)  0.008899(0.001) | 0.1038(0.01)    0.01735(0.002)  | 0.009086
   3   3 | 0.02397(0.0008) 0.008456(0.0009) | 0.08022(0.005)  0.01735(0.002)  | 0.008637
   4   4 | 0.02319(0.0009) 0.004268(0.0004) | 0.07538(0.006)  0.01012(0.0009) | 0.004364
   6   6 | 0.01369(0.001)  0.004029(0.0003) | 0.07363(0.006)  0.009631(0.0007) | 0.004136
   9   9 | 0.01062(0.0005) 0.003816(0.0002) | 0.06745(0.006)  0.009501(0.0007) | 0.003914
  12  12 | 0.007948(0.0004) 0.003586(0.0002) | 0.05945(0.006)  0.009336(0.0007) | 0.003686
  27  19 | 0.004961(0.0004) 0.003133(0.0002) | 0.04211(0.003)  0.008973(0.0007) | 0.003285

== L=6 colz:0.1: 16912 samples (1 files); <s.s>_NN/bond -1.0073 ==
  A49 sets, plain metric: S1b-inv(3) 0.04479(0.004); S1inv(11) 0.005266(0.0002); S1uS2inv(14) 0.005047(0.0002)
 R^2 ncls |  B mod           B4 mod          |  B LW            B4 LW           | B4 mod bias-corr
   1   1 | 1.023(0.2)      0.07557(0.01)   | 1.461(0.4)      0.09776(0.02)   | 0.07964
   2   2 | 0.05675(0.005)  0.01075(0.0009) | 0.1224(0.01)    0.02134(0.002)  | 0.01111
   3   3 | 0.03464(0.004)  0.01048(0.0009) | 0.1105(0.01)    0.02132(0.002)  | 0.01082
   4   4 | 0.03274(0.004)  0.005759(0.0003) | 0.09829(0.01)   0.01321(0.0005) | 0.005844
   6   6 | 0.01571(0.001)  0.005168(0.0001) | 0.09674(0.01)   0.01293(0.0005) | 0.00524
   9   9 | 0.01305(0.001)  0.004982(0.0001) | 0.09371(0.02)   0.01286(0.0006) | 0.005038
  12  12 | 0.009322(0.0006) 0.004663(0.0002) | 0.06941(0.01)   0.01212(0.0005) | 0.004776
  27  19 | 0.005296(0.0003) 0.003124(0.0002) | 0.05189(0.009)  0.009633(0.0004) | 0.003205

== L=6 fs0: 16962 samples (1 files); <s.s>_NN/bond -0.9556 ==
  A49 sets, plain metric: S1b-inv(3) 0.2202(0.004); S1inv(11) 0.1469(0.003); S1uS2inv(14) 0.05852(0.002)
 R^2 ncls |  B mod           B4 mod          |  B LW            B4 LW           | B4 mod bias-corr
   1   1 | 4.993(0.2)      0.1815(0.008)   | 7.13(0.4)       0.182(0.008)    | 0.185
   2   2 | 0.2545(0.004)   0.1676(0.004)   | 0.6044(0.01)    0.1819(0.008)   | 0.1712
   3   3 | 0.1154(0.003)   0.08792(0.002)  | 0.4764(0.01)    0.1764(0.005)   | 0.08843
   4   4 | 0.112(0.003)    0.08783(0.002)  | 0.3332(0.01)    0.1697(0.005)   | 0.0884
   6   6 | 0.0576(0.002)   0.05224(0.002)  | 0.3202(0.01)    0.1674(0.005)   | 0.05259
   9   9 | 0.05032(0.0009) 0.04639(0.0008) | 0.2344(0.007)   0.1581(0.004)   | 0.04675
  12  12 | 0.04168(0.0005) 0.0396(0.0005)  | 0.1618(0.004)   0.1434(0.003)   | 0.03991
  27  19 | 0.03237(0.0007) 0.0314(0.0005)  | 0.1241(0.004)   0.1177(0.003)   | 0.0316

== L=6 vbs: 3000 samples (1 files); <s.s>_NN/bond -0.4995 ==
  A49 sets, plain metric: S1b-inv(3) 0.1923(0.006); S1inv(11) -9.957e-17(1e-15); S1uS2inv(14) -1.71e-17(1e-15)
 R^2 ncls |  B mod           B4 mod          |  B LW            B4 LW           | B4 mod bias-corr
   1   1 | 0.5219(0.01)    -4.042e-18(1e-15) | 0.7454(0.02)    -3.396e-17(9e-16) | 8.492e-14
   2   2 | 0.2269(0.006)   -1.108e-16(1e-15) | 0.6081(0.02)    -5.952e-17(1e-15) | 8.407e-14
   3   3 | 0.1257(0.003)   -9.138e-17(8e-16) | 0.4059(0.01)    -8.403e-17(1e-15) | 8.287e-14
   4   4 | 0.1181(0.003)   -6.661e-15(1e-15) | 0.3959(0.01)    -6.828e-15(1e-15) | -2.16e-14
   6   6 | 0.02759(0.001)  -4.72e-16(1e-15) | 0.2206(0.01)    -2.162e-16(8e-16) | 7.771e-14
   9   9 | 0.002858(8e-05) 2.005e-16(1e-15) | 0.02286(0.0006) -3.23e-17(9e-16) | 8.731e-14
  12  12 | 1.557e-16(7e-15) -6.635e-15(2e-15) | 9.698e-16(5e-14) -6.929e-15(2e-14) | -2.164e-14
  27  19 | 6.768e-17(2e-15) -1.257e-16(7e-16) | -5.885e-16(2e-14) -2.687e-16(1e-14) | 8.374e-14
