L=10 lp:0: 3259 samples

[B] full reach, Casimir-removed metric: lam = 0.00077 +- 5e-05 (bias-corr 0.0008438); lam2 = 0.002711
  class      |d|   m  par   J(d)/J_NN  +- err
  (0, 0, 1)   1.00   6  1  +1.0000  0.0000
  (0, 1, 1)   1.41  12  0  +0.8778  0.0195
  (1, 1, 1)   1.73   8  1  +0.7956  0.0255
  (0, 0, 2)   2.00   6  0  +0.7462  0.0205
  (0, 1, 2)   2.24  24  1  +0.6973  0.0227
  (1, 1, 2)   2.45  24  0  +0.6433  0.0245
  (0, 2, 2)   2.83  12  0  +0.5664  0.0192
  (0, 0, 3)   3.00   6  1  +0.5677  0.0272
  (1, 2, 2)   3.00  24  1  +0.5132  0.0216
  (0, 1, 3)   3.16  24  0  +0.5230  0.0260
  (1, 1, 3)   3.32  24  1  +0.4737  0.0239
  (2, 2, 2)   3.46   8  0  +0.3852  0.0199
  (0, 2, 3)   3.61  24  1  +0.4050  0.0201
  (1, 2, 3)   3.74  48  0  +0.3569  0.0176
  (0, 0, 4)   4.00   6  0  +0.4538  0.0353
  (0, 1, 4)   4.12  24  1  +0.4044  0.0324
  (2, 2, 3)   4.12  24  1  +0.2353  0.0136
  (0, 3, 3)   4.24  12  0  +0.2562  0.0171
  (1, 1, 4)   4.24  24  0  +0.3573  0.0276
  (1, 3, 3)   4.36  24  1  +0.2080  0.0109
  (0, 2, 4)   4.47  24  0  +0.2786  0.0272
  (1, 2, 4)   4.58  48  1  +0.2366  0.0178
  (2, 3, 3)   4.69  24  0  +0.0764  0.0143
  (2, 2, 4)   4.90  24  0  +0.1156  0.0109
  (0, 0, 5)   5.00   3  1  +0.3935  0.0439
  (0, 3, 4)   5.00  24  1  +0.1468  0.0241
  (0, 1, 5)   5.10  12  0  +0.3483  0.0392
  (1, 3, 4)   5.10  48  0  +0.0980  0.0119
  (1, 1, 5)   5.20  12  1  +0.3089  0.0310
  (3, 3, 3)   5.20   8  1  -0.0833  0.0227
  (0, 2, 5)   5.39  12  1  +0.2272  0.0344
  (2, 3, 4)   5.39  48  1  -0.0426  0.0128
  (1, 2, 5)   5.48  24  0  +0.1892  0.0205
  (0, 4, 4)   5.66  12  0  +0.0444  0.0339
  (1, 4, 4)   5.74  24  1  -0.0164  0.0204
  (2, 2, 5)   5.74  12  1  +0.0651  0.0118
  (0, 3, 5)   5.83  12  0  +0.0959  0.0293
  (3, 3, 4)   5.83  24  0  -0.2131  0.0267
  (1, 3, 5)   5.92  24  1  +0.0468  0.0128
  (2, 4, 4)   6.00  24  0  -0.1814  0.0172
  (2, 3, 5)   6.16  24  0  -0.0916  0.0117
  (0, 4, 5)   6.40  12  1  -0.0031  0.0390
  (3, 4, 4)   6.40  24  1  -0.3571  0.0331
  (1, 4, 5)   6.48  24  0  -0.0625  0.0258
  (3, 3, 5)   6.56  12  1  -0.2613  0.0275
  (2, 4, 5)   6.71  24  1  -0.2252  0.0209
  (4, 4, 4)   6.93   8  0  -0.5004  0.0426
  (0, 5, 5)   7.07   3  0  -0.0399  0.0488
  (3, 4, 5)   7.07  24  0  -0.4152  0.0339
  (1, 5, 5)   7.14   6  1  -0.1014  0.0386
  (2, 5, 5)   7.35   6  0  -0.2500  0.0428
  (4, 4, 5)   7.55  12  1  -0.5668  0.0439
  (3, 5, 5)   7.68   6  1  -0.4656  0.0344
  (4, 5, 5)   8.12   6  0  -0.6327  0.0458
  (5, 5, 5)   8.66   1  1  -0.7157  0.0496
  power-law fit |J| = A/|d|^alpha over 50 significant classes beyond NN: alpha = 0.73, A = 1.114
  parity |d|_1 even: 25 significant, signs + 17 / - 8
  parity |d|_1 odd : 25 significant, signs + 16 / - 9
  insignificant classes (|J| < 2 err): 4 of 55

[B4] full reach, Casimir-removed metric: lam = 0.0007459 +- 5e-05 (bias-corr 0.0008231); lam2 = 0.002017
  class      |d|   m  par   J(d)/J_NN  +- err
  (0, 0, 1)   1.00   6  1  +1.0000  0.0000
  (0, 1, 1)   1.41  12  0  +0.8700  0.0204
  (1, 1, 1)   1.73   8  1  +0.6575  0.0331
  (0, 0, 2)   2.00   6  0  +0.6783  0.0196
  (0, 1, 2)   2.24  24  1  +0.5723  0.0272
  (1, 1, 2)   2.45  24  0  +0.5285  0.0254
  (0, 2, 2)   2.83  12  0  +0.4633  0.0234
  (0, 0, 3)   3.00   6  1  +0.4596  0.0250
  (1, 2, 2)   3.00  24  1  +0.4201  0.0230
  (0, 1, 3)   3.16  24  0  +0.4231  0.0240
  (1, 1, 3)   3.32  24  1  +0.3827  0.0214
  (2, 2, 2)   3.46   8  0  +0.3139  0.0219
  (0, 2, 3)   3.61  24  1  +0.3270  0.0203
  (1, 2, 3)   3.74  48  0  +0.2884  0.0182
  (0, 0, 4)   4.00   6  0  +0.3604  0.0303
  (0, 1, 4)   4.12  24  1  +0.3204  0.0276
  (2, 2, 3)   4.12  24  1  +0.1898  0.0148
  (0, 3, 3)   4.24  12  0  +0.2041  0.0158
  (1, 1, 4)   4.24  24  0  +0.2837  0.0234
  (1, 3, 3)   4.36  24  1  +0.1661  0.0117
  (0, 2, 4)   4.47  24  0  +0.2198  0.0225
  (1, 2, 4)   4.58  48  1  +0.1872  0.0151
  (2, 3, 3)   4.69  24  0  +0.0613  0.0126
  (2, 2, 4)   4.90  24  0  +0.0925  0.0102
  (0, 0, 5)   5.00   3  1  +0.3110  0.0353
  (0, 3, 4)   5.00  24  1  +0.1139  0.0187
  (0, 1, 5)   5.10  12  0  +0.2740  0.0319
  (1, 3, 4)   5.10  48  0  +0.0761  0.0101
  (1, 1, 5)   5.20  12  1  +0.2436  0.0257
  (3, 3, 3)   5.20   8  1  -0.0660  0.0167
  (0, 2, 5)   5.39  12  1  +0.1768  0.0275
  (2, 3, 4)   5.39  48  1  -0.0339  0.0102
  (1, 2, 5)   5.48  24  0  +0.1478  0.0164
  (0, 4, 4)   5.66  12  0  +0.0321  0.0272
  (1, 4, 4)   5.74  24  1  -0.0150  0.0170
  (2, 2, 5)   5.74  12  1  +0.0509  0.0094
  (0, 3, 5)   5.83  12  0  +0.0726  0.0232
  (3, 3, 4)   5.83  24  0  -0.1690  0.0208
  (1, 3, 5)   5.92  24  1  +0.0338  0.0108
  (2, 4, 4)   6.00  24  0  -0.1453  0.0135
  (2, 3, 5)   6.16  24  0  -0.0740  0.0081
  (0, 4, 5)   6.40  12  1  -0.0051  0.0326
  (3, 4, 4)   6.40  24  1  -0.2844  0.0274
  (1, 4, 5)   6.48  24  0  -0.0523  0.0226
  (3, 3, 5)   6.56  12  1  -0.2074  0.0206
  (2, 4, 5)   6.71  24  1  -0.1813  0.0168
  (4, 4, 4)   6.93   8  0  -0.3971  0.0363
  (0, 5, 5)   7.07   3  0  -0.0352  0.0415
  (3, 4, 5)   7.07  24  0  -0.3304  0.0279
  (1, 5, 5)   7.14   6  1  -0.0833  0.0343
  (2, 5, 5)   7.35   6  0  -0.2008  0.0366
  (4, 4, 5)   7.55  12  1  -0.4491  0.0380
  (3, 5, 5)   7.68   6  1  -0.3706  0.0296
  (4, 5, 5)   8.12   6  0  -0.5022  0.0401
  (5, 5, 5)   8.66   1  1  -0.5712  0.0456
  four-spin (A49 normalized units, same scale): T0:+0.165(0.031) T2:+0.116(0.034) C0:+0.231(0.032) Dm0:+0.024(0.014) Dm1:+0.011(0.020) Y0:+0.015(0.026) Y1:+0.062(0.024) Y2:+0.066(0.028)
  power-law fit |J| = A/|d|^alpha over 50 significant classes beyond NN: alpha = 0.85, A = 1.082
  parity |d|_1 even: 25 significant, signs + 17 / - 8
  parity |d|_1 odd : 25 significant, signs + 16 / - 9
  insignificant classes (|J| < 2 err): 4 of 55

[q-orbits] relative variance of P_Q (Casimir-removed metric) vs Gaussian estimate Sbar(Q)^2; lowest 6:
  Q = 2pi/L (0, 0, 1): lam 0.0009771, Sbar 0.0345, Sbar^2 0.001187
  Q = 2pi/L (0, 1, 1): lam 0.003404, Sbar 0.0695, Sbar^2 0.004826
  Q = 2pi/L (1, 1, 1): lam 0.01038, Sbar 0.1072, Sbar^2 0.01148
  Q = 2pi/L (0, 0, 2): lam 0.0132, Sbar 0.1206, Sbar^2 0.01456
  Q = 2pi/L (0, 1, 2): lam 0.01788, Sbar 0.1591, Sbar^2 0.02531
  Q = 2pi/L (1, 1, 2): lam 0.02822, Sbar 0.1994, Sbar^2 0.03975
  Sbar(Q) at the smallest Q (0, 0, 1): 0.0345; maximum Sbar 20.907 at (5, 5, 5)

[HS ansatz] J(d) = s(d)/D^alpha: lam (Casimir-removed) bilinear-only | + 8 star four-spin optimized
  s=af    a=1: 0.00487 | 0.00394;  a=2: 0.0228 | 0.0114;  a=3: 0.0721 | 0.024;  a=4: 0.153 | 0.0373;  a=6: 0.344 | 0.0556
  s=stag  a=1: 197 | 0.16;  a=2: 96.2 | 0.16;  a=3: 25.9 | 0.159;  a=4: 7.56 | 0.154;  a=6: 1.91 | 0.0697
  s=fit   a=1: 1.07 | 0.16;  a=2: 0.254 | 0.16;  a=3: 0.0596 | 0.0381;  a=4: 0.14 | 0.0371;  a=6: 0.343 | 0.0555

[cluster Casimirs] lam (Casimir-removed) bilinear-only | + 8 star four-spin optimized
  star: 1.973 | 0.004746
  cube: 0.02616 | 0.02291

[ref neez:0.05] 1410 samples: parton-best-rule lam  B 0.001155, B4 0.001119
[B_r4] 4 classes: lam 0.02361 +- 0.0014 (bias-corr 0.02375); J: (0, 0, 1):+1.000 (0, 1, 1):+0.456 (1, 1, 1):+0.237 (0, 0, 2):+0.065
[B4_r4] 4 classes: lam 0.002864 +- 0.0002 (bias-corr 0.002924); J: (0, 0, 1):+1.000 (0, 1, 1):+0.782 (1, 1, 1):+0.023 (0, 0, 2):+0.356
[B_r9] 9 classes: lam 0.007363 +- 0.00062 (bias-corr 0.007466); J: (0, 0, 1):+1.000 (0, 1, 1):+0.707 (1, 1, 1):+0.536 (0, 0, 2):+0.359 (0, 1, 2):+0.295 (1, 1, 2):+0.231 (0, 2, 2):+0.136 (0, 0, 3):+0.003 ...
[B4_r9] 9 classes: lam 0.002418 +- 0.00017 (bias-corr 0.002496); J: (0, 0, 1):+1.000 (0, 1, 1):+0.798 (1, 1, 1):+0.135 (0, 0, 2):+0.372 (0, 1, 2):+0.067 (1, 1, 2):+0.057 (0, 2, 2):+0.033 (0, 0, 3):-0.004 ...
[B_inner] 34 classes: lam 0.001783 +- 0.00012 (bias-corr 0.001883); J: (0, 0, 1):+1.000 (0, 1, 1):+0.853 (1, 1, 1):+0.755 (0, 0, 2):+0.661 (0, 1, 2):+0.612 (1, 1, 2):+0.560 (0, 2, 2):+0.457 (0, 0, 3):+0.378 ...
[B4_inner] 34 classes: lam 0.001393 +- 7.2e-05 (bias-corr 0.00148); J: (0, 0, 1):+1.000 (0, 1, 1):+0.839 (1, 1, 1):+0.425 (0, 0, 2):+0.533 (0, 1, 2):+0.337 (1, 1, 2):+0.309 (0, 2, 2):+0.250 (0, 0, 3):+0.205 ...

[B4_inner profile] lam 0.001393; class |d| J/J_NN +- err:
  (0, 0, 1) 1.00 +1.000(0.000); (0, 1, 1) 1.41 +0.839(0.021); (1, 1, 1) 1.73 +0.425(0.036); (0, 0, 2) 2.00 +0.533(0.020); (0, 1, 2) 2.24 +0.337(0.030); (1, 1, 2) 2.45 +0.309(0.029); (0, 2, 2) 2.83 +0.250(0.024); (0, 0, 3) 3.00 +0.205(0.021); (1, 2, 2) 3.00 +0.229(0.023); (0, 1, 3) 3.16 +0.186(0.020); (1, 1, 3) 3.32 +0.166(0.019); (2, 2, 2) 3.46 +0.166(0.019); (0, 2, 3) 3.61 +0.136(0.017); (1, 2, 3) 3.74 +0.124(0.016); (0, 0, 4) 4.00 +0.062(0.009); (0, 1, 4) 4.12 +0.058(0.008); (2, 2, 3) 4.12 +0.089(0.012); (0, 3, 3) 4.24 +0.061(0.014); (1, 1, 4) 4.24 +0.051(0.007); (1, 3, 3) 4.36 +0.059(0.011); (0, 2, 4) 4.47 +0.041(0.007); (1, 2, 4) 4.58 +0.039(0.006); (2, 3, 3) 4.69 +0.045(0.008); (2, 2, 4) 4.90 +0.030(0.005); (0, 3, 4) 5.00 +0.013(0.006); (1, 3, 4) 5.10 +0.018(0.004); (3, 3, 3) 5.20 +0.023(0.008); (2, 3, 4) 5.39 +0.017(0.003); (0, 4, 4) 5.66 -0.001(0.004); (1, 4, 4) 5.74 +0.004(0.004); (3, 3, 4) 5.83 +0.009(0.005); (2, 4, 4) 6.00 +0.006(0.003); (3, 4, 4) 6.40 +0.001(0.002); (4, 4, 4) 6.93 +0.000(0.003)
  four-spin: T0:+0.443(0.036) T2:+0.295(0.032) C0:+0.543(0.042) Dm0:+0.044(0.014) Dm1:+0.102(0.015) Y0:+0.091(0.023) Y1:+0.133(0.019) Y2:+0.129(0.016)
  power law |J| = A/|d|^alpha over 27 significant classes beyond NN: alpha = 2.29; signs of significant: +27 / -0
  exponential |J| = B exp(-|d|/xi): xi = 1.09; weighted chi2 power 223.4 vs exponential 66.7
