L=8: long-wavelength metric removes q-orbits [(0, 0, 0), (0, 0, 1), (0, 1, 1), (1, 1, 1), (0, 0, 2)] (|q| <= pi/2) and the Casimir

== L=8 lp:0: 9448 samples (3 files); <s.s>_NN/bond -1.0042 ==
  A49 sets, plain metric: S1b-inv(3) 0.04104(0.005); S1inv(11) 0.002812(0.0002); S1uS2inv(14) 0.002691(0.0002)
 R^2 ncls |  B mod           B4 mod          |  B LW            B4 LW           | B4 mod bias-corr
   1   1 | 0.8061(0.07)    0.07137(0.007)  | 1.068(0.09)     0.08959(0.01)   | 0.07593
   2   2 | 0.05119(0.005)  0.008333(0.0009) | 0.09227(0.008)  0.01433(0.001)  | 0.00885
   3   3 | 0.03331(0.006)  0.008143(0.0008) | 0.07743(0.009)  0.01432(0.001)  | 0.008734
   4   4 | 0.03013(0.005)  0.002918(0.0002) | 0.06802(0.008)  0.005909(0.0004) | 0.002998
   6   6 | 0.01026(0.0004) 0.002506(0.0001) | 0.06(0.005)     0.005625(0.0003) | 0.002555
   9   9 | 0.007271(0.0003) 0.002358(0.0001) | 0.05849(0.007)  0.005615(0.0003) | 0.002407
  12  12 | 0.005514(0.0002) 0.002191(0.0001) | 0.05518(0.006)  0.005575(0.0003) | 0.00224
  16  15 | 0.004663(0.0003) 0.002104(0.0002) | 0.0521(0.006)   0.005523(0.0003) | 0.002171
  27  27 | 0.00239(0.0002) 0.001701(0.0001) | 0.0434(0.003)   0.005454(0.0003) | 0.001797
  48  34 | 0.00189(0.0002) 0.001543(0.0001) | 0.03151(0.001)  0.005394(0.0003) | 0.001651

== L=8 lp:0.1: 3126 samples (1 files); <s.s>_NN/bond -1.0025 ==
  A49 sets, plain metric: S1b-inv(3) 0.03304(0.002); S1inv(11) 0.002705(0.0002); S1uS2inv(14) 0.002579(0.0002)
 R^2 ncls |  B mod           B4 mod          |  B LW            B4 LW           | B4 mod bias-corr
   1   1 | 0.679(0.07)     0.05392(0.002)  | 0.8999(0.09)    0.06731(0.003)  | 0.05488
   2   2 | 0.0407(0.001)   0.007359(0.0004) | 0.07375(0.002)  0.01309(0.0008) | 0.007533
   3   3 | 0.02837(0.004)  0.007332(0.0005) | 0.0651(0.006)   0.013(0.0007)   | 0.007595
   4   4 | 0.02646(0.005)  0.002805(0.0002) | 0.05815(0.007)  0.00572(0.0004) | 0.002866
   6   6 | 0.01043(0.0007) 0.002592(0.0002) | 0.05073(0.004)  0.00547(0.0004) | 0.002656
   9   9 | 0.0071(0.0006)  0.002363(0.0002) | 0.04819(0.004)  0.005427(0.0004) | 0.002431
  12  12 | 0.005426(0.0004) 0.002124(0.0002) | 0.0451(0.005)   0.005225(0.0004) | 0.002188
  16  15 | 0.004684(0.0005) 0.002038(0.0001) | 0.04436(0.005)  0.005205(0.0004) | 0.002117
  27  27 | 0.002225(0.0002) 0.001594(9e-05) | 0.04128(0.004)  0.00513(0.0004) | 0.001712
  48  34 | 0.001664(0.0001) 0.001365(8e-05) | 0.03126(0.003)  0.004965(0.0004) | 0.001468

== L=8 neez:0.05: 3248 samples (1 files); <s.s>_NN/bond -1.0343 ==
  A49 sets, plain metric: S1b-inv(3) 0.05263(0.02); S1inv(11) 0.005099(0.0008); S1uS2inv(14) 0.004595(0.0007)
 R^2 ncls |  B mod           B4 mod          |  B LW            B4 LW           | B4 mod bias-corr
   1   1 | 0.8498(0.07)    0.06172(0.004)  | 1.126(0.09)     0.07659(0.005)  | 0.06494
   2   2 | 0.06177(0.02)   0.01136(0.002)  | 0.1094(0.03)    0.02005(0.004)  | 0.01319
   3   3 | 0.0373(0.009)   0.01089(0.003)  | 0.08769(0.02)   0.02004(0.005)  | 0.01295
   4   4 | 0.03727(0.01)   0.005203(0.0009) | 0.08599(0.02)   0.01096(0.002)  | 0.005896
   6   6 | 0.01285(0.002)  0.004366(0.0004) | 0.07063(0.02)   0.01046(0.001)  | 0.004717
   9   9 | 0.01015(0.002)  0.003907(0.0003) | 0.06244(0.01)   0.009955(0.001) | 0.00415
  12  12 | 0.007939(0.001) 0.003514(0.0003) | 0.05316(0.01)   0.009342(0.0009) | 0.003774
  16  15 | 0.005514(0.001) 0.003279(0.0004) | 0.0475(0.007)   0.008935(0.0007) | 0.00364
  27  27 | 0.003178(0.0006) 0.002588(0.0003) | 0.04499(0.008)  0.008811(0.0007) | 0.003066
  48  34 | 0.002299(0.0004) 0.002077(0.0003) | 0.03184(0.003)  0.00842(0.0006) | 0.002646

== L=8 colz:0.1: 3165 samples (1 files); <s.s>_NN/bond -1.0023 ==
  A49 sets, plain metric: S1b-inv(3) 0.03991(0.002); S1inv(11) 0.00471(0.0003); S1uS2inv(14) 0.004522(0.0002)
 R^2 ncls |  B mod           B4 mod          |  B LW            B4 LW           | B4 mod bias-corr
   1   1 | 0.6823(0.06)    0.06317(0.005)  | 0.9043(0.08)    0.07846(0.007)  | 0.06534
   2   2 | 0.04749(0.002)  0.009129(0.0006) | 0.08598(0.003)  0.01635(0.001)  | 0.009423
   3   3 | 0.02706(0.001)  0.00873(0.0005) | 0.06415(0.002)  0.01628(0.001)  | 0.008981
   4   4 | 0.02563(0.001)  0.004884(0.0003) | 0.05995(0.002)  0.01006(0.0007) | 0.005033
   6   6 | 0.01119(0.0006) 0.004298(0.0002) | 0.05546(0.002)  0.01003(0.0007) | 0.004421
   9   9 | 0.008057(0.0004) 0.004126(0.0002) | 0.05381(0.003)  0.009567(0.0006) | 0.004316
  12  12 | 0.006712(0.0007) 0.003857(0.0003) | 0.04648(0.002)  0.009164(0.0006) | 0.004103
  16  15 | 0.005021(0.0003) 0.003504(0.0002) | 0.04217(0.002)  0.008938(0.0006) | 0.003694
  27  27 | 0.002708(0.0002) 0.002504(0.0002) | 0.03695(0.001)  0.00844(0.0006) | 0.002631
  48  34 | 0.001929(0.0001) 0.001815(0.0001) | 0.02999(0.001)  0.007197(0.0005) | 0.001944

== L=8 fs0: 3261 samples (1 files); <s.s>_NN/bond -0.8758 ==
  A49 sets, plain metric: S1b-inv(3) 0.2203(0.02); S1inv(11) 0.165(0.01); S1uS2inv(14) 0.06235(0.005)
 R^2 ncls |  B mod           B4 mod          |  B LW            B4 LW           | B4 mod bias-corr
   1   1 | 7.082(1)        0.1869(0.01)    | 9.386(1)        0.187(0.01)     | 0.2029
   2   2 | 0.2391(0.03)    0.1705(0.01)    | 0.4678(0.05)    0.1869(0.01)    | 0.1842
   3   3 | 0.1125(0.01)    0.08739(0.006)  | 0.3352(0.04)    0.1794(0.009)   | 0.09224
   4   4 | 0.1121(0.01)    0.08627(0.006)  | 0.3062(0.03)    0.1709(0.006)   | 0.09086
   6   6 | 0.05193(0.004)  0.04648(0.003)  | 0.2949(0.03)    0.1697(0.007)   | 0.0479
   9   9 | 0.03855(0.003)  0.03636(0.003)  | 0.2357(0.02)    0.1631(0.009)   | 0.03774
  12  12 | 0.03172(0.002)  0.0304(0.002)   | 0.2012(0.01)    0.1545(0.006)   | 0.03138
  16  15 | 0.02886(0.002)  0.02805(0.002)  | 0.196(0.02)     0.1494(0.007)   | 0.02901
  27  27 | 0.02289(0.002)  0.02232(0.002)  | 0.1443(0.005)   0.1314(0.004)   | 0.02425
  48  34 | 0.01995(0.001)  0.01969(0.001)  | 0.1268(0.007)   0.1138(0.005)   | 0.02134

== L=8 vbs: 1500 samples (1 files); <s.s>_NN/bond -0.4992 ==
  A49 sets, plain metric: S1b-inv(3) 0.1941(0.007); S1inv(11) -1.321e-16(2e-15); S1uS2inv(14) -1.913e-16(1e-15)
 R^2 ncls |  B mod           B4 mod          |  B LW            B4 LW           | B4 mod bias-corr
   1   1 | 0.5111(0.03)    -6.384e-16(1e-15) | 0.6774(0.03)    -7.217e-16(1e-15) | 2.788e-14
   2   2 | 0.2167(0.01)    -7.772e-16(1e-15) | 0.4684(0.02)    -1.082e-15(1e-15) | 2.774e-14
   3   3 | 0.1133(0.006)   -6.662e-16(1e-15) | 0.3257(0.02)    -5.551e-16(1e-15) | 2.642e-14
   4   4 | 0.1052(0.005)   -3.872e-15(2e-15) | 0.3257(0.02)    -2.79e-15(1e-15) | -2.304e-14
   6   6 | 0.02407(0.001)  -7.764e-17(1e-15) | 0.2417(0.01)    -2.81e-17(9e-16) | 3.672e-14
   9   9 | 0.002206(9e-05) -1.218e-15(2e-15) | 0.04697(0.002)  -5.49e-16(7e-16) | 1.931e-14
  12  12 | 2.334e-15(8e-15) -2.887e-15(2e-15) | 5.61e-14(2e-13) -3.179e-15(1e-13) | -7.181e-15
  16  15 | 2.331e-15(8e-15) -1.222e-15(3e-15) | 5.618e-14(2e-13) -4.38e-16(1e-13) | 2.056e-14
  27  27 | 8.749e-16(4e-15) -6.224e-16(2e-15) | 6.833e-15(1e-13) -1.221e-15(1e-13) | 2.968e-14
  48  34 | -1.151e-17(4e-15) -6.533e-16(9e-16) | 1.655e-16(8e-14) -9.935e-16(8e-14) | 2.816e-14
