L=10: long-wavelength metric removes q-orbits [(0, 0, 0), (0, 0, 1), (0, 1, 1), (1, 1, 1), (0, 0, 2), (0, 1, 2), (1, 1, 2)] (|q| <= pi/2) and the Casimir

== L=10 lp:0: 3259 samples (5 files); <s.s>_NN/bond -1.0031 ==
  A49 sets, plain metric: S1b-inv(3) 0.04282(0.006); S1inv(11) 0.002871(0.0002); S1uS2inv(14) 0.002646(0.0002)
 R^2 ncls |  B mod           B4 mod          |  B LW            B4 LW           | B4 mod bias-corr
   1   1 | 0.7167(0.06)    0.06902(0.007)  | 1.018(0.09)     0.08852(0.009)  | 0.07107
   2   2 | 0.05218(0.005)  0.007208(0.0003) | 0.1108(0.01)    0.01405(0.0006) | 0.007313
   3   3 | 0.02598(0.001)  0.006816(0.0002) | 0.08437(0.005)  0.014(0.0006)   | 0.006899
   4   4 | 0.02361(0.001)  0.002864(0.0002) | 0.07471(0.006)  0.006896(0.0005) | 0.002924
   6   6 | 0.01078(0.001)  0.002579(0.0002) | 0.06984(0.006)  0.006726(0.0004) | 0.002647
   9   9 | 0.007363(0.0006) 0.002418(0.0002) | 0.05891(0.004)  0.006618(0.0004) | 0.002496
  12  12 | 0.005375(0.0005) 0.002246(0.0002) | 0.05506(0.004)  0.006486(0.0004) | 0.002344
  16  15 | 0.003445(0.0002) 0.001868(0.0001) | 0.05417(0.004)  0.006437(0.0004) | 0.001931
  27  30 | 0.001803(0.0001) 0.001411(7e-05) | 0.04794(0.004)  0.006378(0.0004) | 0.001488
  48  47 | 0.0009743(8e-05) 0.0009168(7e-05) | 0.03197(0.003)  0.006147(0.0003) | 0.001014
  75  55 | 0.00077(5e-05)  0.0007459(5e-05) | 0.02632(0.001)  0.006118(0.0003) | 0.0008231

== L=10 neez:0.05: 1410 samples (2 files); <s.s>_NN/bond -1.0398 ==
  A49 sets, plain metric: S1b-inv(3) 0.03566(0.005); S1inv(11) 0.004403(0.0003); S1uS2inv(14) 0.003999(0.0003)
 R^2 ncls |  B mod           B4 mod          |  B LW            B4 LW           | B4 mod bias-corr
   1   1 | 0.7794(0.05)    0.05148(0.007)  | 1.107(0.08)     0.06836(0.01)   | 0.05647
   2   2 | 0.04465(0.007)  0.008272(0.0007) | 0.09208(0.01)   0.01611(0.002)  | 0.008546
   3   3 | 0.02671(0.003)  0.007996(0.0007) | 0.08303(0.01)   0.01608(0.002)  | 0.008259
   4   4 | 0.02544(0.003)  0.00443(0.0003) | 0.07158(0.009)  0.01052(0.0009) | 0.004588
   6   6 | 0.01023(0.001)  0.003877(0.0002) | 0.06607(0.009)  0.01028(0.0008) | 0.004014
   9   9 | 0.006701(0.0008) 0.003332(0.0002) | 0.05029(0.005)  0.01003(0.0007) | 0.003444
  12  12 | 0.004853(0.0008) 0.002928(0.0002) | 0.04339(0.004)  0.01001(0.0007) | 0.003119
  16  15 | 0.003158(0.0002) 0.002293(0.0001) | 0.04299(0.004)  0.009996(0.0007) | 0.002389
  27  30 | 0.001657(9e-05) 0.001448(8e-05) | 0.03425(0.003)  0.009523(0.0006) | 0.001573
  48  47 | 0.0007561(3e-05) 0.0007159(3e-05) | 0.02742(0.003)  0.009138(0.0006) | 0.0007805
  75  55 | 0.0005419(5e-05) 0.000512(5e-05) | 0.02191(0.002)  0.009026(0.0006) | 0.0005606
