L=6: long-wavelength metric removes q-orbits [(0, 0, 0), (0, 0, 1), (0, 1, 1)] (|q| <= pi/2) and the Casimir

== L=6 lp:0: 34138 samples (3 files); <s.s>_NN/bond -1.0098 ==
  A49 sets, plain metric: S1b-inv(3) 0.04115(0.002); S1inv(11) 0.00291(0.0003); S1uS2inv(14) 0.002772(0.0003)
 R^2 ncls |  B mod           B4 mod          |  B LW            B4 LW           | B4 mod bias-corr
   1   1 | 0.8766(0.09)    0.06533(0.002)  | 1.252(0.1)      0.08462(0.004)  | 0.0659
   2   2 | 0.05144(0.002)  0.008859(0.0007) | 0.1099(0.005)   0.01769(0.001)  | 0.009021
   3   3 | 0.03332(0.006)  0.008788(0.0009) | 0.0977(0.009)   0.01759(0.001)  | 0.009077
   4   4 | 0.03031(0.004)  0.003188(0.0004) | 0.08542(0.006)  0.007316(0.0007) | 0.00329
   6   6 | 0.01468(0.001)  0.002931(0.0003) | 0.08139(0.005)  0.007081(0.0006) | 0.003038
   9   9 | 0.01262(0.002)  0.002795(0.0003) | 0.06899(0.002)  0.006778(0.0006) | 0.002923
  12  12 | 0.009847(0.002) 0.002752(0.0004) | 0.05732(0.002)  0.006638(0.0005) | 0.002929
  27  19 | 0.00613(0.001)  0.002627(0.0004) | 0.04251(0.002)  0.006523(0.0005) | 0.002871
