L=8: long-wavelength metric removes q-orbits [(0, 0, 0), (0, 0, 1), (0, 1, 1), (1, 1, 1), (0, 0, 2)] (|q| <= pi/2) and the Casimir

== L=8 lp:0: 9448 samples (3 files); <s.s>_NN/bond -1.0042 ==
  A49 sets, plain metric: S1b-inv(3) 0.04104(0.005); S1inv(11) 0.002812(0.0002); S1uS2inv(14) 0.002691(0.0002)
 R^2 ncls |  B mod           B4 mod          |  B LW            B4 LW           | B4 mod bias-corr
   1   1 | 0.8061(0.07)    0.07137(0.007)  | 1.068(0.09)     0.08959(0.01)   | 0.07593
   2   2 | 0.05119(0.005)  0.008333(0.0009) | 0.09227(0.008)  0.01433(0.001)  | 0.00885
   3   3 | 0.03331(0.006)  0.008143(0.0008) | 0.07743(0.009)  0.01432(0.001)  | 0.008734
   4   4 | 0.03013(0.005)  0.002918(0.0002) | 0.06802(0.008)  0.005909(0.0004) | 0.002998
   6   6 | 0.01026(0.0004) 0.002506(0.0001) | 0.06(0.005)     0.005625(0.0003) | 0.002555
   9   9 | 0.007271(0.0003) 0.002358(0.0001) | 0.05849(0.007)  0.005615(0.0003) | 0.002407
  12  12 | 0.005514(0.0002) 0.002191(0.0001) | 0.05518(0.006)  0.005575(0.0003) | 0.00224
  16  15 | 0.004663(0.0003) 0.002104(0.0002) | 0.0521(0.006)   0.005523(0.0003) | 0.002171
  27  27 | 0.00239(0.0002) 0.001701(0.0001) | 0.0434(0.003)   0.005454(0.0003) | 0.001797
  48  34 | 0.00189(0.0002) 0.001543(0.0001) | 0.03151(0.001)  0.005394(0.0003) | 0.001651
