0 sol={'V': 1, 'C': 1, 'E': 1, 'F': 1} V:imm | C:imm | E:L16:15 lifts[(0, -4, 0), (0, 0, -4), (0, 0, 4)] Z3movers[(0, -4, 0), (0, 0, -4), (0, 0, 4), (0, 4, 0), (0, 4, 0), (0, 0, 4), (0, 4, 4)] | F:L16:15 lifts[(-4, 0, 0), (0, -4, 0), (0, 4, 0)] Z3movers[(-4, 0, 0), (0, -4, 0), (0, 4, 0), (4, 0, 0), (4, 0, 0), (0, 4, 0), (4, 4, 0)]
1 sol={'V': 1, 'C': 1, 'E': 1, 'F': 3} V:imm | C:imm | E:L16:15 lifts[(0, -4, 0), (0, 0, -4), (0, 0, 4)] Z3movers[(0, -4, 0), (0, 0, -4), (0, 0, 4), (0, 4, 0), (0, 4, 0), (0, 0, 4), (0, 4, 4)] | F:L16:15 lifts[(-4, 0, 0), (0, -4, 0), (0, 4, 0)] Z3movers[(-4, 0, 0), (0, -4, 0), (0, 4, 0), (4, 0, 0), (4, 0, 0), (0, 4, 0), (4, 4, 0)]
2 sol={'V': 1, 'C': 1, 'E': 1, 'F': 513} V:imm | C:imm | E:L16:15 lifts[(0, -4, 0), (0, 0, -4), (0, 0, 4)] Z3movers[(0, -4, 0), (0, 0, -4), (0, 0, 4), (0, 4, 0), (0, 4, 0), (0, 0, 4), (0, 4, 4)] | F:imm
3 sol={'V': 1, 'C': 1, 'E': 1, 'F': 515} V:imm | C:imm | E:L16:15 lifts[(0, -4, 0), (0, 0, -4), (0, 0, 4)] Z3movers[(0, -4, 0), (0, 0, -4), (0, 0, 4), (0, 4, 0), (0, 4, 0), (0, 0, 4), (0, 4, 4)] | F:imm
4 sol={'V': 1, 'C': 1, 'E': 3, 'F': 1} V:imm | C:imm | E:L16:15 lifts[(0, -4, 0), (0, 0, -4), (0, 0, 4)] Z3movers[(0, -4, 0), (0, 0, -4), (0, 0, 4), (0, 4, 0), (0, 4, 0), (0, 0, 4), (0, 4, 4)] | F:L16:15 lifts[(-4, 0, 0), (0, -4, 0), (0, 4, 0)] Z3movers[(-4, 0, 0), (0, -4, 0), (0, 4, 0), (4, 0, 0), (4, 0, 0), (0, 4, 0), (4, 4, 0)]
5 sol={'V': 1, 'C': 1, 'E': 3, 'F': 3} V:imm | C:imm | E:L16:15 lifts[(0, -4, 0), (0, 0, -4), (0, 0, 4)] Z3movers[(0, -4, 0), (0, 0, -4), (0, 0, 4), (0, 4, 0), (0, 4, 0), (0, 0, 4), (0, 4, 4)] | F:L16:15 lifts[(-4, 0, 0), (0, -4, 0), (0, 4, 0)] Z3movers[(-4, 0, 0), (0, -4, 0), (0, 4, 0), (4, 0, 0), (4, 0, 0), (0, 4, 0), (4, 4, 0)]
6 sol={'V': 1, 'C': 1, 'E': 3, 'F': 513} V:imm | C:imm | E:L16:15 lifts[(0, -4, 0), (0, 0, -4), (0, 0, 4)] Z3movers[(0, -4, 0), (0, 0, -4), (0, 0, 4), (0, 4, 0), (0, 4, 0), (0, 0, 4), (0, 4, 4)] | F:imm
7 sol={'V': 1, 'C': 1, 'E': 3, 'F': 515} V:imm | C:imm | E:L16:15 lifts[(0, -4, 0), (0, 0, -4), (0, 0, 4)] Z3movers[(0, -4, 0), (0, 0, -4), (0, 0, 4), (0, 4, 0), (0, 4, 0), (0, 0, 4), (0, 4, 4)] | F:imm
16 sol={'V': 1, 'C': 1, 'E': 513, 'F': 1} V:imm | C:imm | E:imm | F:L16:15 lifts[(-4, 0, 0), (0, -4, 0), (0, 4, 0)] Z3movers[(-4, 0, 0), (0, -4, 0), (0, 4, 0), (4, 0, 0), (4, 0, 0), (0, 4, 0), (4, 4, 0)]
17 sol={'V': 1, 'C': 1, 'E': 513, 'F': 3} V:imm | C:imm | E:imm | F:L16:15 lifts[(-4, 0, 0), (0, -4, 0), (0, 4, 0)] Z3movers[(-4, 0, 0), (0, -4, 0), (0, 4, 0), (4, 0, 0), (4, 0, 0), (0, 4, 0), (4, 4, 0)]
20 sol={'V': 1, 'C': 1, 'E': 515, 'F': 1} V:imm | C:imm | E:imm | F:L16:15 lifts[(-4, 0, 0), (0, -4, 0), (0, 4, 0)] Z3movers[(-4, 0, 0), (0, -4, 0), (0, 4, 0), (4, 0, 0), (4, 0, 0), (0, 4, 0), (4, 4, 0)]
21 sol={'V': 1, 'C': 1, 'E': 515, 'F': 3} V:imm | C:imm | E:imm | F:L16:15 lifts[(-4, 0, 0), (0, -4, 0), (0, 4, 0)] Z3movers[(-4, 0, 0), (0, -4, 0), (0, 4, 0), (4, 0, 0), (4, 0, 0), (0, 4, 0), (4, 4, 0)]
32 sol={'V': 1, 'C': 2, 'E': 80, 'F': 1} V:imm | C:imm | E:imm | F:L16:15 lifts[(-4, 0, 0), (0, -4, 0), (0, 4, 0)] Z3movers[(-4, 0, 0), (0, -4, 0), (0, 4, 0), (4, 0, 0), (4, 0, 0), (0, 4, 0), (4, 4, 0)]
33 sol={'V': 1, 'C': 2, 'E': 80, 'F': 3} V:imm | C:imm | E:imm | F:L16:15 lifts[(-4, 0, 0), (0, -4, 0), (0, 4, 0)] Z3movers[(-4, 0, 0), (0, -4, 0), (0, 4, 0), (4, 0, 0), (4, 0, 0), (0, 4, 0), (4, 4, 0)]
36 sol={'V': 1, 'C': 2, 'E': 112, 'F': 1} V:imm | C:imm | E:imm | F:L16:15 lifts[(-4, 0, 0), (0, -4, 0), (0, 4, 0)] Z3movers[(-4, 0, 0), (0, -4, 0), (0, 4, 0), (4, 0, 0), (4, 0, 0), (0, 4, 0), (4, 4, 0)]
37 sol={'V': 1, 'C': 2, 'E': 112, 'F': 3} V:imm | C:imm | E:imm | F:L16:15 lifts[(-4, 0, 0), (0, -4, 0), (0, 4, 0)] Z3movers[(-4, 0, 0), (0, -4, 0), (0, 4, 0), (4, 0, 0), (4, 0, 0), (0, 4, 0), (4, 4, 0)]
40 sol={'V': 1, 'C': 2, 'E': 594, 'F': 1} V:imm | C:imm | E:imm | F:L16:15 lifts[(-4, 0, 0), (0, -4, 0), (0, 4, 0)] Z3movers[(-4, 0, 0), (0, -4, 0), (0, 4, 0), (4, 0, 0), (4, 0, 0), (0, 4, 0), (4, 4, 0)]
41 sol={'V': 1, 'C': 2, 'E': 594, 'F': 3} V:imm | C:imm | E:imm | F:L16:15 lifts[(-4, 0, 0), (0, -4, 0), (0, 4, 0)] Z3movers[(-4, 0, 0), (0, -4, 0), (0, 4, 0), (4, 0, 0), (4, 0, 0), (0, 4, 0), (4, 4, 0)]
44 sol={'V': 1, 'C': 2, 'E': 626, 'F': 1} V:imm | C:imm | E:imm | F:L16:15 lifts[(-4, 0, 0), (0, -4, 0), (0, 4, 0)] Z3movers[(-4, 0, 0), (0, -4, 0), (0, 4, 0), (4, 0, 0), (4, 0, 0), (0, 4, 0), (4, 4, 0)]
45 sol={'V': 1, 'C': 2, 'E': 626, 'F': 3} V:imm | C:imm | E:imm | F:L16:15 lifts[(-4, 0, 0), (0, -4, 0), (0, 4, 0)] Z3movers[(-4, 0, 0), (0, -4, 0), (0, 4, 0), (4, 0, 0), (4, 0, 0), (0, 4, 0), (4, 4, 0)]
48 sol={'V': 1, 'C': 3, 'E': 81, 'F': 1} V:imm | C:imm | E:imm | F:L16:15 lifts[(-4, 0, 0), (0, -4, 0), (0, 4, 0)] Z3movers[(-4, 0, 0), (0, -4, 0), (0, 4, 0), (4, 0, 0), (4, 0, 0), (0, 4, 0), (4, 4, 0)]
49 sol={'V': 1, 'C': 3, 'E': 81, 'F': 3} V:imm | C:imm | E:imm | F:L16:15 lifts[(-4, 0, 0), (0, -4, 0), (0, 4, 0)] Z3movers[(-4, 0, 0), (0, -4, 0), (0, 4, 0), (4, 0, 0), (4, 0, 0), (0, 4, 0), (4, 4, 0)]
52 sol={'V': 1, 'C': 3, 'E': 81, 'F': 1153} V:imm | C:imm | E:imm | F:L16:15 lifts[(-4, 0, 0), (0, -4, 0), (0, 4, 0)] Z3movers[(-4, 0, 0), (0, -4, 0), (0, 4, 0), (4, 0, 0), (4, 0, 0), (0, 4, 0), (4, 4, 0)]
53 sol={'V': 1, 'C': 3, 'E': 81, 'F': 1155} V:imm | C:imm | E:imm | F:L16:15 lifts[(-4, 0, 0), (0, -4, 0), (0, 4, 0)] Z3movers[(-4, 0, 0), (0, -4, 0), (0, 4, 0), (4, 0, 0), (4, 0, 0), (0, 4, 0), (4, 4, 0)]
56 sol={'V': 1, 'C': 3, 'E': 115, 'F': 1} V:imm | C:imm | E:imm | F:L16:15 lifts[(-4, 0, 0), (0, -4, 0), (0, 4, 0)] Z3movers[(-4, 0, 0), (0, -4, 0), (0, 4, 0), (4, 0, 0), (4, 0, 0), (0, 4, 0), (4, 4, 0)]
57 sol={'V': 1, 'C': 3, 'E': 115, 'F': 3} V:imm | C:imm | E:imm | F:L16:15 lifts[(-4, 0, 0), (0, -4, 0), (0, 4, 0)] Z3movers[(-4, 0, 0), (0, -4, 0), (0, 4, 0), (4, 0, 0), (4, 0, 0), (0, 4, 0), (4, 4, 0)]
60 sol={'V': 1, 'C': 3, 'E': 115, 'F': 1281} V:imm | C:imm | E:imm | F:L16:15 lifts[(-4, 0, 0), (0, -4, 0), (0, 4, 0)] Z3movers[(-4, 0, 0), (0, -4, 0), (0, 4, 0), (4, 0, 0), (4, 0, 0), (0, 4, 0), (4, 4, 0)]
61 sol={'V': 1, 'C': 3, 'E': 115, 'F': 1283} V:imm | C:imm | E:imm | F:L16:15 lifts[(-4, 0, 0), (0, -4, 0), (0, 4, 0)] Z3movers[(-4, 0, 0), (0, -4, 0), (0, 4, 0), (4, 0, 0), (4, 0, 0), (0, 4, 0), (4, 4, 0)]
80 sol={'V': 1, 'C': 3, 'E': 595, 'F': 1} V:imm | C:imm | E:imm | F:L16:15 lifts[(-4, 0, 0), (0, -4, 0), (0, 4, 0)] Z3movers[(-4, 0, 0), (0, -4, 0), (0, 4, 0), (4, 0, 0), (4, 0, 0), (0, 4, 0), (4, 4, 0)]
81 sol={'V': 1, 'C': 3, 'E': 595, 'F': 3} V:imm | C:imm | E:imm | F:L16:15 lifts[(-4, 0, 0), (0, -4, 0), (0, 4, 0)] Z3movers[(-4, 0, 0), (0, -4, 0), (0, 4, 0), (4, 0, 0), (4, 0, 0), (0, 4, 0), (4, 4, 0)]
84 sol={'V': 1, 'C': 3, 'E': 595, 'F': 1281} V:imm | C:imm | E:imm | F:L16:15 lifts[(-4, 0, 0), (0, -4, 0), (0, 4, 0)] Z3movers[(-4, 0, 0), (0, -4, 0), (0, 4, 0), (4, 0, 0), (4, 0, 0), (0, 4, 0), (4, 4, 0)]
85 sol={'V': 1, 'C': 3, 'E': 595, 'F': 1283} V:imm | C:imm | E:imm | F:L16:15 lifts[(-4, 0, 0), (0, -4, 0), (0, 4, 0)] Z3movers[(-4, 0, 0), (0, -4, 0), (0, 4, 0), (4, 0, 0), (4, 0, 0), (0, 4, 0), (4, 4, 0)]
88 sol={'V': 1, 'C': 3, 'E': 625, 'F': 1} V:imm | C:imm | E:imm | F:L16:15 lifts[(-4, 0, 0), (0, -4, 0), (0, 4, 0)] Z3movers[(-4, 0, 0), (0, -4, 0), (0, 4, 0), (4, 0, 0), (4, 0, 0), (0, 4, 0), (4, 4, 0)]
89 sol={'V': 1, 'C': 3, 'E': 625, 'F': 3} V:imm | C:imm | E:imm | F:L16:15 lifts[(-4, 0, 0), (0, -4, 0), (0, 4, 0)] Z3movers[(-4, 0, 0), (0, -4, 0), (0, 4, 0), (4, 0, 0), (4, 0, 0), (0, 4, 0), (4, 4, 0)]
92 sol={'V': 1, 'C': 3, 'E': 625, 'F': 1153} V:imm | C:imm | E:imm | F:L16:15 lifts[(-4, 0, 0), (0, -4, 0), (0, 4, 0)] Z3movers[(-4, 0, 0), (0, -4, 0), (0, 4, 0), (4, 0, 0), (4, 0, 0), (0, 4, 0), (4, 4, 0)]
93 sol={'V': 1, 'C': 3, 'E': 625, 'F': 1155} V:imm | C:imm | E:imm | F:L16:15 lifts[(-4, 0, 0), (0, -4, 0), (0, 4, 0)] Z3movers[(-4, 0, 0), (0, -4, 0), (0, 4, 0), (4, 0, 0), (4, 0, 0), (0, 4, 0), (4, 4, 0)]
112 sol={'V': 1, 'C': 5, 'E': 897, 'F': 1281} V:imm | C:imm | E:imm | F:L16:3 lifts[(0, 0, 8), (8, 8, 0), (8, 8, 8)] Z3movers[]
113 sol={'V': 1, 'C': 5, 'E': 897, 'F': 1283} V:imm | C:imm | E:imm | F:L16:3 lifts[(0, 0, 8), (8, 8, 0), (8, 8, 8)] Z3movers[]
114 sol={'V': 1, 'C': 5, 'E': 897, 'F': 1793} V:imm | C:imm | E:imm | F:L16:3 lifts[(0, 0, 8), (8, 8, 0), (8, 8, 8)] Z3movers[]
115 sol={'V': 1, 'C': 5, 'E': 897, 'F': 1795} V:imm | C:imm | E:imm | F:L16:3 lifts[(0, 0, 8), (8, 8, 0), (8, 8, 8)] Z3movers[]
116 sol={'V': 1, 'C': 5, 'E': 899, 'F': 1153} V:imm | C:imm | E:imm | F:L16:3 lifts[(0, 0, 8), (8, 8, 0), (8, 8, 8)] Z3movers[]
117 sol={'V': 1, 'C': 5, 'E': 899, 'F': 1155} V:imm | C:imm | E:imm | F:L16:3 lifts[(0, 0, 8), (8, 8, 0), (8, 8, 8)] Z3movers[]
118 sol={'V': 1, 'C': 5, 'E': 899, 'F': 1665} V:imm | C:imm | E:imm | F:L16:3 lifts[(0, 0, 8), (8, 8, 0), (8, 8, 8)] Z3movers[]
119 sol={'V': 1, 'C': 5, 'E': 899, 'F': 1667} V:imm | C:imm | E:imm | F:L16:3 lifts[(0, 0, 8), (8, 8, 0), (8, 8, 8)] Z3movers[]
146 sol={'V': 1, 'C': 6, 'E': 978, 'F': 1665} V:imm | C:imm | E:imm | F:L16:3 lifts[(0, 0, 8), (8, 8, 0), (8, 8, 8)] Z3movers[]
147 sol={'V': 1, 'C': 6, 'E': 978, 'F': 1667} V:imm | C:imm | E:imm | F:L16:3 lifts[(0, 0, 8), (8, 8, 0), (8, 8, 8)] Z3movers[]
150 sol={'V': 1, 'C': 6, 'E': 1010, 'F': 1793} V:imm | C:imm | E:imm | F:L16:3 lifts[(0, 0, 8), (8, 8, 0), (8, 8, 8)] Z3movers[]
151 sol={'V': 1, 'C': 6, 'E': 1010, 'F': 1795} V:imm | C:imm | E:imm | F:L16:3 lifts[(0, 0, 8), (8, 8, 0), (8, 8, 8)] Z3movers[]
152 sol={'V': 2, 'C': 1, 'E': 1, 'F': 80} V:imm | C:imm | E:L16:15 lifts[(0, -4, 0), (0, 0, -4), (0, 0, 4)] Z3movers[(0, -4, 0), (0, 0, -4), (0, 0, 4), (0, 4, 0), (0, 4, 0), (0, 0, 4), (0, 4, 4)] | F:imm
153 sol={'V': 2, 'C': 1, 'E': 1, 'F': 112} V:imm | C:imm | E:L16:15 lifts[(0, -4, 0), (0, 0, -4), (0, 0, 4)] Z3movers[(0, -4, 0), (0, 0, -4), (0, 0, 4), (0, 4, 0), (0, 4, 0), (0, 0, 4), (0, 4, 4)] | F:imm
154 sol={'V': 2, 'C': 1, 'E': 1, 'F': 594} V:imm | C:imm | E:L16:15 lifts[(0, -4, 0), (0, 0, -4), (0, 0, 4)] Z3movers[(0, -4, 0), (0, 0, -4), (0, 0, 4), (0, 4, 0), (0, 4, 0), (0, 0, 4), (0, 4, 4)] | F:imm
155 sol={'V': 2, 'C': 1, 'E': 1, 'F': 626} V:imm | C:imm | E:L16:15 lifts[(0, -4, 0), (0, 0, -4), (0, 0, 4)] Z3movers[(0, -4, 0), (0, 0, -4), (0, 0, 4), (0, 4, 0), (0, 4, 0), (0, 0, 4), (0, 4, 4)] | F:imm
156 sol={'V': 2, 'C': 1, 'E': 3, 'F': 80} V:imm | C:imm | E:L16:15 lifts[(0, -4, 0), (0, 0, -4), (0, 0, 4)] Z3movers[(0, -4, 0), (0, 0, -4), (0, 0, 4), (0, 4, 0), (0, 4, 0), (0, 0, 4), (0, 4, 4)] | F:imm
157 sol={'V': 2, 'C': 1, 'E': 3, 'F': 112} V:imm | C:imm | E:L16:15 lifts[(0, -4, 0), (0, 0, -4), (0, 0, 4)] Z3movers[(0, -4, 0), (0, 0, -4), (0, 0, 4), (0, 4, 0), (0, 4, 0), (0, 0, 4), (0, 4, 4)] | F:imm
158 sol={'V': 2, 'C': 1, 'E': 3, 'F': 594} V:imm | C:imm | E:L16:15 lifts[(0, -4, 0), (0, 0, -4), (0, 0, 4)] Z3movers[(0, -4, 0), (0, 0, -4), (0, 0, 4), (0, 4, 0), (0, 4, 0), (0, 0, 4), (0, 4, 4)] | F:imm
159 sol={'V': 2, 'C': 1, 'E': 3, 'F': 626} V:imm | C:imm | E:L16:15 lifts[(0, -4, 0), (0, 0, -4), (0, 0, 4)] Z3movers[(0, -4, 0), (0, 0, -4), (0, 0, 4), (0, 4, 0), (0, 4, 0), (0, 0, 4), (0, 4, 4)] | F:imm
306 sol={'V': 3, 'C': 1, 'E': 1, 'F': 595} V:imm | C:imm | E:L16:15 lifts[(0, -4, 0), (0, 0, -4), (0, 0, 4)] Z3movers[(0, -4, 0), (0, 0, -4), (0, 0, 4), (0, 4, 0), (0, 4, 0), (0, 0, 4), (0, 4, 4)] | F:imm
307 sol={'V': 3, 'C': 1, 'E': 1, 'F': 625} V:imm | C:imm | E:L16:15 lifts[(0, -4, 0), (0, 0, -4), (0, 0, 4)] Z3movers[(0, -4, 0), (0, 0, -4), (0, 0, 4), (0, 4, 0), (0, 4, 0), (0, 0, 4), (0, 4, 4)] | F:imm
310 sol={'V': 3, 'C': 1, 'E': 3, 'F': 595} V:imm | C:imm | E:L16:15 lifts[(0, -4, 0), (0, 0, -4), (0, 0, 4)] Z3movers[(0, -4, 0), (0, 0, -4), (0, 0, 4), (0, 4, 0), (0, 4, 0), (0, 0, 4), (0, 4, 4)] | F:imm
311 sol={'V': 3, 'C': 1, 'E': 3, 'F': 625} V:imm | C:imm | E:L16:15 lifts[(0, -4, 0), (0, 0, -4), (0, 0, 4)] Z3movers[(0, -4, 0), (0, 0, -4), (0, 0, 4), (0, 4, 0), (0, 4, 0), (0, 0, 4), (0, 4, 4)] | F:imm
322 sol={'V': 3, 'C': 1, 'E': 1153, 'F': 625} V:imm | C:imm | E:L16:15 lifts[(0, -4, 0), (0, 0, -4), (0, 0, 4)] Z3movers[(0, -4, 0), (0, 0, -4), (0, 0, 4), (0, 4, 0), (0, 4, 0), (0, 0, 4), (0, 4, 4)] | F:imm
325 sol={'V': 3, 'C': 1, 'E': 1155, 'F': 625} V:imm | C:imm | E:L16:15 lifts[(0, -4, 0), (0, 0, -4), (0, 0, 4)] Z3movers[(0, -4, 0), (0, 0, -4), (0, 0, 4), (0, 4, 0), (0, 4, 0), (0, 0, 4), (0, 4, 4)] | F:imm
330 sol={'V': 3, 'C': 1, 'E': 1281, 'F': 595} V:imm | C:imm | E:L16:15 lifts[(0, -4, 0), (0, 0, -4), (0, 0, 4)] Z3movers[(0, -4, 0), (0, 0, -4), (0, 0, 4), (0, 4, 0), (0, 4, 0), (0, 0, 4), (0, 4, 4)] | F:imm
333 sol={'V': 3, 'C': 1, 'E': 1283, 'F': 595} V:imm | C:imm | E:L16:15 lifts[(0, -4, 0), (0, 0, -4), (0, 0, 4)] Z3movers[(0, -4, 0), (0, 0, -4), (0, 0, 4), (0, 4, 0), (0, 4, 0), (0, 0, 4), (0, 4, 4)] | F:imm
1048 sol={'V': 3, 'C': 4, 'E': 418, 'F': 1233} V:imm | C:imm | E:imm | F:L16:255 lifts[(-2, 0, 0), (0, -2, 0), (0, 2, 0)] Z3movers[(-2, 0, 0), (0, -2, 0), (0, 2, 0), (2, 0, 0), (4, 0, 0), (0, 4, 0), (0, 0, 4), (4, 4, 0), (0, 4, 4), (4, 0, 4)]
1050 sol={'V': 3, 'C': 4, 'E': 418, 'F': 1267} V:imm | C:imm | E:imm | F:L16:255 lifts[(-2, 0, 0), (0, -2, 0), (0, 2, 0)] Z3movers[(-2, 0, 0), (0, -2, 0), (0, 2, 0), (2, 0, 0), (4, 0, 0), (0, 4, 0), (0, 0, 4), (4, 4, 0), (0, 4, 4), (4, 0, 4)]
# stopped early after #1050
1244 sol={'V': 3, 'C': 4, 'E': 1186, 'F': 1794} V:imm | C:imm | E:imm | F:L16:255 lifts[(-2, 0, 0), (0, -2, 0), (0, 2, 0)] Z3movers[(-2, 0, 0), (0, -2, 0), (0, 2, 0), (2, 0, 0), (4, 0, 0), (0, 4, 0), (0, 0, 4), (4, 4, 0), (0, 4, 4), (4, 0, 4)]
1246 sol={'V': 3, 'C': 4, 'E': 1186, 'F': 1875} V:imm | C:imm | E:imm | F:L16:255 lifts[(-2, 0, 0), (0, -2, 0), (0, 2, 0)] Z3movers[(-2, 0, 0), (0, -2, 0), (0, 2, 0), (2, 0, 0), (4, 0, 0), (0, 4, 0), (0, 0, 4), (4, 4, 0), (0, 4, 4), (4, 0, 4)]
1248 sol={'V': 3, 'C': 4, 'E': 1194, 'F': 1186} V:imm | C:imm | E:imm | F:L16:255 lifts[(-2, 0, 0), (0, -2, 0), (0, 2, 0)] Z3movers[(-2, 0, 0), (0, -2, 0), (0, 2, 0), (2, 0, 0), (4, 0, 0), (0, 4, 0), (0, 0, 4), (4, 4, 0), (0, 4, 4), (4, 0, 4)]
1250 sol={'V': 3, 'C': 4, 'E': 1194, 'F': 1314} V:imm | C:imm | E:imm | F:L16:255 lifts[(-2, 0, 0), (0, -2, 0), (0, 2, 0)] Z3movers[(-2, 0, 0), (0, -2, 0), (0, 2, 0), (2, 0, 0), (4, 0, 0), (0, 4, 0), (0, 0, 4), (4, 4, 0), (0, 4, 4), (4, 0, 4)]
1252 sol={'V': 3, 'C': 4, 'E': 1194, 'F': 1666} V:imm | C:imm | E:imm | F:L16:255 lifts[(-2, 0, 0), (0, -2, 0), (0, 2, 0)] Z3movers[(-2, 0, 0), (0, -2, 0), (0, 2, 0), (2, 0, 0), (4, 0, 0), (0, 4, 0), (0, 0, 4), (4, 4, 0), (0, 4, 4), (4, 0, 4)]
1254 sol={'V': 3, 'C': 4, 'E': 1194, 'F': 1794} V:imm | C:imm | E:imm | F:L16:255 lifts[(-2, 0, 0), (0, -2, 0), (0, 2, 0)] Z3movers[(-2, 0, 0), (0, -2, 0), (0, 2, 0), (2, 0, 0), (4, 0, 0), (0, 4, 0), (0, 0, 4), (4, 4, 0), (0, 4, 4), (4, 0, 4)]
1268 sol={'V': 3, 'C': 4, 'E': 1233, 'F': 1152} V:imm | C:imm | E:imm | F:L16:255 lifts[(-2, 0, 0), (0, -2, 0), (0, 2, 0)] Z3movers[(-2, 0, 0), (0, -2, 0), (0, 2, 0), (2, 0, 0), (4, 0, 0), (0, 4, 0), (0, 0, 4), (4, 4, 0), (0, 4, 4), (4, 0, 4)]
1270 sol={'V': 3, 'C': 4, 'E': 1233, 'F': 1314} V:imm | C:imm | E:imm | F:L16:255 lifts[(-2, 0, 0), (0, -2, 0), (0, 2, 0)] Z3movers[(-2, 0, 0), (0, -2, 0), (0, 2, 0), (2, 0, 0), (4, 0, 0), (0, 4, 0), (0, 0, 4), (4, 4, 0), (0, 4, 4), (4, 0, 4)]
1271 sol={'V': 3, 'C': 4, 'E': 1233, 'F': 1395} V:imm | C:imm | E:imm | F:L16:255 lifts[(-2, 0, 0), (0, -2, 0), (0, 2, 0)] Z3movers[(-2, 0, 0), (0, -2, 0), (0, 2, 0), (2, 0, 0), (4, 0, 0), (0, 4, 0), (0, 0, 4), (4, 4, 0), (0, 4, 4), (4, 0, 4)]
1272 sol={'V': 3, 'C': 4, 'E': 1233, 'F': 1696} V:imm | C:imm | E:imm | F:L16:255 lifts[(-2, 0, 0), (0, -2, 0), (0, 2, 0)] Z3movers[(-2, 0, 0), (0, -2, 0), (0, 2, 0), (2, 0, 0), (4, 0, 0), (0, 4, 0), (0, 0, 4), (4, 4, 0), (0, 4, 4), (4, 0, 4)]
1274 sol={'V': 3, 'C': 4, 'E': 1233, 'F': 1794} V:imm | C:imm | E:imm | F:L16:255 lifts[(-2, 0, 0), (0, -2, 0), (0, 2, 0)] Z3movers[(-2, 0, 0), (0, -2, 0), (0, 2, 0), (2, 0, 0), (4, 0, 0), (0, 4, 0), (0, 0, 4), (4, 4, 0), (0, 4, 4), (4, 0, 4)]
1275 sol={'V': 3, 'C': 4, 'E': 1233, 'F': 1875} V:imm | C:imm | E:imm | F:L16:255 lifts[(-2, 0, 0), (0, -2, 0), (0, 2, 0)] Z3movers[(-2, 0, 0), (0, -2, 0), (0, 2, 0), (2, 0, 0), (4, 0, 0), (0, 4, 0), (0, 0, 4), (4, 4, 0), (0, 4, 4), (4, 0, 4)]
1286 sol={'V': 3, 'C': 4, 'E': 1241, 'F': 1152} V:imm | C:imm | E:imm | F:L16:255 lifts[(-2, 0, 0), (0, -2, 0), (0, 2, 0)] Z3movers[(-2, 0, 0), (0, -2, 0), (0, 2, 0), (2, 0, 0), (4, 0, 0), (0, 4, 0), (0, 0, 4), (4, 4, 0), (0, 4, 4), (4, 0, 4)]
1288 sol={'V': 3, 'C': 4, 'E': 1241, 'F': 1314} V:imm | C:imm | E:imm | F:L16:255 lifts[(-2, 0, 0), (0, -2, 0), (0, 2, 0)] Z3movers[(-2, 0, 0), (0, -2, 0), (0, 2, 0), (2, 0, 0), (4, 0, 0), (0, 4, 0), (0, 0, 4), (4, 4, 0), (0, 4, 4), (4, 0, 4)]
1290 sol={'V': 3, 'C': 4, 'E': 1241, 'F': 1696} V:imm | C:imm | E:imm | F:L16:255 lifts[(-2, 0, 0), (0, -2, 0), (0, 2, 0)] Z3movers[(-2, 0, 0), (0, -2, 0), (0, 2, 0), (2, 0, 0), (4, 0, 0), (0, 4, 0), (0, 0, 4), (4, 4, 0), (0, 4, 4), (4, 0, 4)]
1292 sol={'V': 3, 'C': 4, 'E': 1241, 'F': 1794} V:imm | C:imm | E:imm | F:L16:255 lifts[(-2, 0, 0), (0, -2, 0), (0, 2, 0)] Z3movers[(-2, 0, 0), (0, -2, 0), (0, 2, 0), (2, 0, 0), (4, 0, 0), (0, 4, 0), (0, 0, 4), (4, 4, 0), (0, 4, 4), (4, 0, 4)]
1306 sol={'V': 3, 'C': 4, 'E': 1267, 'F': 1186} V:imm | C:imm | E:imm | F:L16:255 lifts[(-2, 0, 0), (0, -2, 0), (0, 2, 0)] Z3movers[(-2, 0, 0), (0, -2, 0), (0, 2, 0), (2, 0, 0), (4, 0, 0), (0, 4, 0), (0, 0, 4), (4, 4, 0), (0, 4, 4), (4, 0, 4)]
1307 sol={'V': 3, 'C': 4, 'E': 1267, 'F': 1267} V:imm | C:imm | E:imm | F:L16:255 lifts[(-2, 0, 0), (0, -2, 0), (0, 2, 0)] Z3movers[(-2, 0, 0), (0, -2, 0), (0, 2, 0), (2, 0, 0), (4, 0, 0), (0, 4, 0), (0, 0, 4), (4, 4, 0), (0, 4, 4), (4, 0, 4)]
1308 sol={'V': 3, 'C': 4, 'E': 1267, 'F': 1280} V:imm | C:imm | E:imm | F:L16:255 lifts[(-2, 0, 0), (0, -2, 0), (0, 2, 0)] Z3movers[(-2, 0, 0), (0, -2, 0), (0, 2, 0), (2, 0, 0), (4, 0, 0), (0, 4, 0), (0, 0, 4), (4, 4, 0), (0, 4, 4), (4, 0, 4)]
1310 sol={'V': 3, 'C': 4, 'E': 1267, 'F': 1666} V:imm | C:imm | E:imm | F:L16:255 lifts[(-2, 0, 0), (0, -2, 0), (0, 2, 0)] Z3movers[(-2, 0, 0), (0, -2, 0), (0, 2, 0), (2, 0, 0), (4, 0, 0), (0, 4, 0), (0, 0, 4), (4, 4, 0), (0, 4, 4), (4, 0, 4)]
1311 sol={'V': 3, 'C': 4, 'E': 1267, 'F': 1747} V:imm | C:imm | E:imm | F:L16:255 lifts[(-2, 0, 0), (0, -2, 0), (0, 2, 0)] Z3movers[(-2, 0, 0), (0, -2, 0), (0, 2, 0), (2, 0, 0), (4, 0, 0), (0, 4, 0), (0, 0, 4), (4, 4, 0), (0, 4, 4), (4, 0, 4)]
1312 sol={'V': 3, 'C': 4, 'E': 1267, 'F': 1824} V:imm | C:imm | E:imm | F:L16:255 lifts[(-2, 0, 0), (0, -2, 0), (0, 2, 0)] Z3movers[(-2, 0, 0), (0, -2, 0), (0, 2, 0), (2, 0, 0), (4, 0, 0), (0, 4, 0), (0, 0, 4), (4, 4, 0), (0, 4, 4), (4, 0, 4)]
1324 sol={'V': 3, 'C': 4, 'E': 1275, 'F': 1186} V:imm | C:imm | E:imm | F:L16:255 lifts[(-2, 0, 0), (0, -2, 0), (0, 2, 0)] Z3movers[(-2, 0, 0), (0, -2, 0), (0, 2, 0), (2, 0, 0), (4, 0, 0), (0, 4, 0), (0, 0, 4), (4, 4, 0), (0, 4, 4), (4, 0, 4)]
1326 sol={'V': 3, 'C': 4, 'E': 1275, 'F': 1280} V:imm | C:imm | E:imm | F:L16:255 lifts[(-2, 0, 0), (0, -2, 0), (0, 2, 0)] Z3movers[(-2, 0, 0), (0, -2, 0), (0, 2, 0), (2, 0, 0), (4, 0, 0), (0, 4, 0), (0, 0, 4), (4, 4, 0), (0, 4, 4), (4, 0, 4)]
1328 sol={'V': 3, 'C': 4, 'E': 1275, 'F': 1666} V:imm | C:imm | E:imm | F:L16:255 lifts[(-2, 0, 0), (0, -2, 0), (0, 2, 0)] Z3movers[(-2, 0, 0), (0, -2, 0), (0, 2, 0), (2, 0, 0), (4, 0, 0), (0, 4, 0), (0, 0, 4), (4, 4, 0), (0, 4, 4), (4, 0, 4)]
1330 sol={'V': 3, 'C': 4, 'E': 1275, 'F': 1824} V:imm | C:imm | E:imm | F:L16:255 lifts[(-2, 0, 0), (0, -2, 0), (0, 2, 0)] Z3movers[(-2, 0, 0), (0, -2, 0), (0, 2, 0), (2, 0, 0), (4, 0, 0), (0, 4, 0), (0, 0, 4), (4, 4, 0), (0, 4, 4), (4, 0, 4)]
1332 sol={'V': 3, 'C': 4, 'E': 1280, 'F': 1152} V:imm | C:imm | E:imm | F:L16:255 lifts[(-2, 0, 0), (0, -2, 0), (0, 2, 0)] Z3movers[(-2, 0, 0), (0, -2, 0), (0, 2, 0), (2, 0, 0), (4, 0, 0), (0, 4, 0), (0, 0, 4), (4, 4, 0), (0, 4, 4), (4, 0, 4)]
1334 sol={'V': 3, 'C': 4, 'E': 1280, 'F': 1267} V:imm | C:imm | E:imm | F:L16:255 lifts[(-2, 0, 0), (0, -2, 0), (0, 2, 0)] Z3movers[(-2, 0, 0), (0, -2, 0), (0, 2, 0), (2, 0, 0), (4, 0, 0), (0, 4, 0), (0, 0, 4), (4, 4, 0), (0, 4, 4), (4, 0, 4)]
1336 sol={'V': 3, 'C': 4, 'E': 1280, 'F': 1280} V:imm | C:imm | E:imm | F:L16:255 lifts[(-2, 0, 0), (0, -2, 0), (0, 2, 0)] Z3movers[(-2, 0, 0), (0, -2, 0), (0, 2, 0), (2, 0, 0), (4, 0, 0), (0, 4, 0), (0, 0, 4), (4, 4, 0), (0, 4, 4), (4, 0, 4)]
1338 sol={'V': 3, 'C': 4, 'E': 1280, 'F': 1395} V:imm | C:imm | E:imm | F:L16:255 lifts[(-2, 0, 0), (0, -2, 0), (0, 2, 0)] Z3movers[(-2, 0, 0), (0, -2, 0), (0, 2, 0), (2, 0, 0), (4, 0, 0), (0, 4, 0), (0, 0, 4), (4, 4, 0), (0, 4, 4), (4, 0, 4)]
1340 sol={'V': 3, 'C': 4, 'E': 1280, 'F': 1696} V:imm | C:imm | E:imm | F:L16:255 lifts[(-2, 0, 0), (0, -2, 0), (0, 2, 0)] Z3movers[(-2, 0, 0), (0, -2, 0), (0, 2, 0), (2, 0, 0), (4, 0, 0), (0, 4, 0), (0, 0, 4), (4, 4, 0), (0, 4, 4), (4, 0, 4)]
1342 sol={'V': 3, 'C': 4, 'E': 1280, 'F': 1747} V:imm | C:imm | E:imm | F:L16:255 lifts[(-2, 0, 0), (0, -2, 0), (0, 2, 0)] Z3movers[(-2, 0, 0), (0, -2, 0), (0, 2, 0), (2, 0, 0), (4, 0, 0), (0, 4, 0), (0, 0, 4), (4, 4, 0), (0, 4, 4), (4, 0, 4)]
1344 sol={'V': 3, 'C': 4, 'E': 1280, 'F': 1824} V:imm | C:imm | E:imm | F:L16:255 lifts[(-2, 0, 0), (0, -2, 0), (0, 2, 0)] Z3movers[(-2, 0, 0), (0, -2, 0), (0, 2, 0), (2, 0, 0), (4, 0, 0), (0, 4, 0), (0, 0, 4), (4, 4, 0), (0, 4, 4), (4, 0, 4)]
1346 sol={'V': 3, 'C': 4, 'E': 1280, 'F': 1875} V:imm | C:imm | E:imm | F:L16:255 lifts[(-2, 0, 0), (0, -2, 0), (0, 2, 0)] Z3movers[(-2, 0, 0), (0, -2, 0), (0, 2, 0), (2, 0, 0), (4, 0, 0), (0, 4, 0), (0, 0, 4), (4, 4, 0), (0, 4, 4), (4, 0, 4)]
1352 sol={'V': 3, 'C': 4, 'E': 1288, 'F': 1152} V:imm | C:imm | E:imm | F:L16:255 lifts[(-2, 0, 0), (0, -2, 0), (0, 2, 0)] Z3movers[(-2, 0, 0), (0, -2, 0), (0, 2, 0), (2, 0, 0), (4, 0, 0), (0, 4, 0), (0, 0, 4), (4, 4, 0), (0, 4, 4), (4, 0, 4)]
1354 sol={'V': 3, 'C': 4, 'E': 1288, 'F': 1280} V:imm | C:imm | E:imm | F:L16:255 lifts[(-2, 0, 0), (0, -2, 0), (0, 2, 0)] Z3movers[(-2, 0, 0), (0, -2, 0), (0, 2, 0), (2, 0, 0), (4, 0, 0), (0, 4, 0), (0, 0, 4), (4, 4, 0), (0, 4, 4), (4, 0, 4)]
1356 sol={'V': 3, 'C': 4, 'E': 1288, 'F': 1696} V:imm | C:imm | E:imm | F:L16:255 lifts[(-2, 0, 0), (0, -2, 0), (0, 2, 0)] Z3movers[(-2, 0, 0), (0, -2, 0), (0, 2, 0), (2, 0, 0), (4, 0, 0), (0, 4, 0), (0, 0, 4), (4, 4, 0), (0, 4, 4), (4, 0, 4)]
1358 sol={'V': 3, 'C': 4, 'E': 1288, 'F': 1824} V:imm | C:imm | E:imm | F:L16:255 lifts[(-2, 0, 0), (0, -2, 0), (0, 2, 0)] Z3movers[(-2, 0, 0), (0, -2, 0), (0, 2, 0), (2, 0, 0), (4, 0, 0), (0, 4, 0), (0, 0, 4), (4, 4, 0), (0, 4, 4), (4, 0, 4)]
1364 sol={'V': 3, 'C': 4, 'E': 1314, 'F': 1186} V:imm | C:imm | E:imm | F:L16:255 lifts[(-2, 0, 0), (0, -2, 0), (0, 2, 0)] Z3movers[(-2, 0, 0), (0, -2, 0), (0, 2, 0), (2, 0, 0), (4, 0, 0), (0, 4, 0), (0, 0, 4), (4, 4, 0), (0, 4, 4), (4, 0, 4)]
1366 sol={'V': 3, 'C': 4, 'E': 1314, 'F': 1233} V:imm | C:imm | E:imm | F:L16:255 lifts[(-2, 0, 0), (0, -2, 0), (0, 2, 0)] Z3movers[(-2, 0, 0), (0, -2, 0), (0, 2, 0), (2, 0, 0), (4, 0, 0), (0, 4, 0), (0, 0, 4), (4, 4, 0), (0, 4, 4), (4, 0, 4)]
1368 sol={'V': 3, 'C': 4, 'E': 1314, 'F': 1314} V:imm | C:imm | E:imm | F:L16:255 lifts[(-2, 0, 0), (0, -2, 0), (0, 2, 0)] Z3movers[(-2, 0, 0), (0, -2, 0), (0, 2, 0), (2, 0, 0), (4, 0, 0), (0, 4, 0), (0, 0, 4), (4, 4, 0), (0, 4, 4), (4, 0, 4)]
1370 sol={'V': 3, 'C': 4, 'E': 1314, 'F': 1361} V:imm | C:imm | E:imm | F:L16:255 lifts[(-2, 0, 0), (0, -2, 0), (0, 2, 0)] Z3movers[(-2, 0, 0), (0, -2, 0), (0, 2, 0), (2, 0, 0), (4, 0, 0), (0, 4, 0), (0, 0, 4), (4, 4, 0), (0, 4, 4), (4, 0, 4)]
1372 sol={'V': 3, 'C': 4, 'E': 1314, 'F': 1666} V:imm | C:imm | E:imm | F:L16:255 lifts[(-2, 0, 0), (0, -2, 0), (0, 2, 0)] Z3movers[(-2, 0, 0), (0, -2, 0), (0, 2, 0), (2, 0, 0), (4, 0, 0), (0, 4, 0), (0, 0, 4), (4, 4, 0), (0, 4, 4), (4, 0, 4)]
1374 sol={'V': 3, 'C': 4, 'E': 1314, 'F': 1777} V:imm | C:imm | E:imm | F:L16:255 lifts[(-2, 0, 0), (0, -2, 0), (0, 2, 0)] Z3movers[(-2, 0, 0), (0, -2, 0), (0, 2, 0), (2, 0, 0), (4, 0, 0), (0, 4, 0), (0, 0, 4), (4, 4, 0), (0, 4, 4), (4, 0, 4)]
1376 sol={'V': 3, 'C': 4, 'E': 1314, 'F': 1794} V:imm | C:imm | E:imm | F:L16:255 lifts[(-2, 0, 0), (0, -2, 0), (0, 2, 0)] Z3movers[(-2, 0, 0), (0, -2, 0), (0, 2, 0), (2, 0, 0), (4, 0, 0), (0, 4, 0), (0, 0, 4), (4, 4, 0), (0, 4, 4), (4, 0, 4)]
1378 sol={'V': 3, 'C': 4, 'E': 1314, 'F': 1905} V:imm | C:imm | E:imm | F:L16:255 lifts[(-2, 0, 0), (0, -2, 0), (0, 2, 0)] Z3movers[(-2, 0, 0), (0, -2, 0), (0, 2, 0), (2, 0, 0), (4, 0, 0), (0, 4, 0), (0, 0, 4), (4, 4, 0), (0, 4, 4), (4, 0, 4)]
# stopped early after #1378
1438 sol={'V': 3, 'C': 4, 'E': 1395, 'F': 1186} V:imm | C:imm | E:imm | F:L16:255 lifts[(-2, 0, 0), (0, -2, 0), (0, 2, 0)] Z3movers[(-2, 0, 0), (0, -2, 0), (0, 2, 0), (2, 0, 0), (4, 0, 0), (0, 4, 0), (0, 0, 4), (4, 4, 0), (0, 4, 4), (4, 0, 4)]
1439 sol={'V': 3, 'C': 4, 'E': 1395, 'F': 1233} V:imm | C:imm | E:imm | F:L16:255 lifts[(-2, 0, 0), (0, -2, 0), (0, 2, 0)] Z3movers[(-2, 0, 0), (0, -2, 0), (0, 2, 0), (2, 0, 0), (4, 0, 0), (0, 4, 0), (0, 0, 4), (4, 4, 0), (0, 4, 4), (4, 0, 4)]
1440 sol={'V': 3, 'C': 4, 'E': 1395, 'F': 1280} V:imm | C:imm | E:imm | F:L16:255 lifts[(-2, 0, 0), (0, -2, 0), (0, 2, 0)] Z3movers[(-2, 0, 0), (0, -2, 0), (0, 2, 0), (2, 0, 0), (4, 0, 0), (0, 4, 0), (0, 0, 4), (4, 4, 0), (0, 4, 4), (4, 0, 4)]
1442 sol={'V': 3, 'C': 4, 'E': 1395, 'F': 1666} V:imm | C:imm | E:imm | F:L16:255 lifts[(-2, 0, 0), (0, -2, 0), (0, 2, 0)] Z3movers[(-2, 0, 0), (0, -2, 0), (0, 2, 0), (2, 0, 0), (4, 0, 0), (0, 4, 0), (0, 0, 4), (4, 4, 0), (0, 4, 4), (4, 0, 4)]
1443 sol={'V': 3, 'C': 4, 'E': 1395, 'F': 1777} V:imm | C:imm | E:imm | F:L16:255 lifts[(-2, 0, 0), (0, -2, 0), (0, 2, 0)] Z3movers[(-2, 0, 0), (0, -2, 0), (0, 2, 0), (2, 0, 0), (4, 0, 0), (0, 4, 0), (0, 0, 4), (4, 4, 0), (0, 4, 4), (4, 0, 4)]
1444 sol={'V': 3, 'C': 4, 'E': 1395, 'F': 1824} V:imm | C:imm | E:imm | F:L16:255 lifts[(-2, 0, 0), (0, -2, 0), (0, 2, 0)] Z3movers[(-2, 0, 0), (0, -2, 0), (0, 2, 0), (2, 0, 0), (4, 0, 0), (0, 4, 0), (0, 0, 4), (4, 4, 0), (0, 4, 4), (4, 0, 4)]
1456 sol={'V': 3, 'C': 4, 'E': 1403, 'F': 1186} V:imm | C:imm | E:imm | F:L16:255 lifts[(-2, 0, 0), (0, -2, 0), (0, 2, 0)] Z3movers[(-2, 0, 0), (0, -2, 0), (0, 2, 0), (2, 0, 0), (4, 0, 0), (0, 4, 0), (0, 0, 4), (4, 4, 0), (0, 4, 4), (4, 0, 4)]
1458 sol={'V': 3, 'C': 4, 'E': 1403, 'F': 1280} V:imm | C:imm | E:imm | F:L16:255 lifts[(-2, 0, 0), (0, -2, 0), (0, 2, 0)] Z3movers[(-2, 0, 0), (0, -2, 0), (0, 2, 0), (2, 0, 0), (4, 0, 0), (0, 4, 0), (0, 0, 4), (4, 4, 0), (0, 4, 4), (4, 0, 4)]
1460 sol={'V': 3, 'C': 4, 'E': 1403, 'F': 1666} V:imm | C:imm | E:imm | F:L16:255 lifts[(-2, 0, 0), (0, -2, 0), (0, 2, 0)] Z3movers[(-2, 0, 0), (0, -2, 0), (0, 2, 0), (2, 0, 0), (4, 0, 0), (0, 4, 0), (0, 0, 4), (4, 4, 0), (0, 4, 4), (4, 0, 4)]
1462 sol={'V': 3, 'C': 4, 'E': 1403, 'F': 1824} V:imm | C:imm | E:imm | F:L16:255 lifts[(-2, 0, 0), (0, -2, 0), (0, 2, 0)] Z3movers[(-2, 0, 0), (0, -2, 0), (0, 2, 0), (2, 0, 0), (4, 0, 0), (0, 4, 0), (0, 0, 4), (4, 4, 0), (0, 4, 4), (4, 0, 4)]
1730 sol={'V': 3, 'C': 5, 'E': 1, 'F': 595} V:imm | C:imm | E:L16:15 lifts[(0, -4, 0), (0, 0, -4), (0, 0, 4)] Z3movers[(0, -4, 0), (0, 0, -4), (0, 0, 4), (0, 4, 0), (0, 4, 0), (0, 0, 4), (0, 4, 4)] | F:imm
1731 sol={'V': 3, 'C': 5, 'E': 1, 'F': 625} V:imm | C:imm | E:L16:15 lifts[(0, -4, 0), (0, 0, -4), (0, 0, 4)] Z3movers[(0, -4, 0), (0, 0, -4), (0, 0, 4), (0, 4, 0), (0, 4, 0), (0, 0, 4), (0, 4, 4)] | F:imm
1734 sol={'V': 3, 'C': 5, 'E': 3, 'F': 595} V:imm | C:imm | E:L16:15 lifts[(0, -4, 0), (0, 0, -4), (0, 0, 4)] Z3movers[(0, -4, 0), (0, 0, -4), (0, 0, 4), (0, 4, 0), (0, 4, 0), (0, 0, 4), (0, 4, 4)] | F:imm
1735 sol={'V': 3, 'C': 5, 'E': 3, 'F': 625} V:imm | C:imm | E:L16:15 lifts[(0, -4, 0), (0, 0, -4), (0, 0, 4)] Z3movers[(0, -4, 0), (0, 0, -4), (0, 0, 4), (0, 4, 0), (0, 4, 0), (0, 0, 4), (0, 4, 4)] | F:imm
1746 sol={'V': 3, 'C': 5, 'E': 1153, 'F': 625} V:imm | C:imm | E:L16:15 lifts[(0, -4, 0), (0, 0, -4), (0, 0, 4)] Z3movers[(0, -4, 0), (0, 0, -4), (0, 0, 4), (0, 4, 0), (0, 4, 0), (0, 0, 4), (0, 4, 4)] | F:imm
1749 sol={'V': 3, 'C': 5, 'E': 1155, 'F': 625} V:imm | C:imm | E:L16:15 lifts[(0, -4, 0), (0, 0, -4), (0, 0, 4)] Z3movers[(0, -4, 0), (0, 0, -4), (0, 0, 4), (0, 4, 0), (0, 4, 0), (0, 0, 4), (0, 4, 4)] | F:imm
1754 sol={'V': 3, 'C': 5, 'E': 1281, 'F': 595} V:imm | C:imm | E:L16:15 lifts[(0, -4, 0), (0, 0, -4), (0, 0, 4)] Z3movers[(0, -4, 0), (0, 0, -4), (0, 0, 4), (0, 4, 0), (0, 4, 0), (0, 0, 4), (0, 4, 4)] | F:imm
1757 sol={'V': 3, 'C': 5, 'E': 1283, 'F': 595} V:imm | C:imm | E:L16:15 lifts[(0, -4, 0), (0, 0, -4), (0, 0, 4)] Z3movers[(0, -4, 0), (0, 0, -4), (0, 0, 4), (0, 4, 0), (0, 4, 0), (0, 0, 4), (0, 4, 4)] | F:imm
1824 sol={'V': 3, 'C': 7, 'E': 81, 'F': 81} V:imm | C:L16:31 lifts[(-4, -4, 0), (-4, 0, -4), (-4, 0, 4)] Z3movers[(-4, -4, 0), (-4, 0, -4), (-4, 0, 4), (-4, 4, 0), (4, 4, 0), (0, 4, 4), (4, 0, 4)] | E:imm | F:imm
1825 sol={'V': 3, 'C': 7, 'E': 81, 'F': 115} V:imm | C:L16:31 lifts[(-4, -4, 0), (-4, 0, -4), (-4, 0, 4)] Z3movers[(-4, -4, 0), (-4, 0, -4), (-4, 0, 4), (-4, 4, 0), (4, 4, 0), (0, 4, 4), (4, 0, 4)] | E:imm | F:imm
1840 sol={'V': 3, 'C': 7, 'E': 115, 'F': 81} V:imm | C:L16:31 lifts[(-4, -4, 0), (-4, 0, -4), (-4, 0, 4)] Z3movers[(-4, -4, 0), (-4, 0, -4), (-4, 0, 4), (-4, 4, 0), (4, 4, 0), (0, 4, 4), (4, 0, 4)] | E:imm | F:imm
1841 sol={'V': 3, 'C': 7, 'E': 115, 'F': 115} V:imm | C:L16:31 lifts[(-4, -4, 0), (-4, 0, -4), (-4, 0, 4)] Z3movers[(-4, -4, 0), (-4, 0, -4), (-4, 0, 4), (-4, 4, 0), (4, 4, 0), (0, 4, 4), (4, 0, 4)] | E:imm | F:imm
2048 sol={'V': 3, 'C': 7, 'E': 1233, 'F': 81} V:imm | C:L16:31 lifts[(-4, -4, 0), (-4, 0, -4), (-4, 0, 4)] Z3movers[(-4, -4, 0), (-4, 0, -4), (-4, 0, 4), (-4, 4, 0), (4, 4, 0), (0, 4, 4), (4, 0, 4)] | E:imm | F:imm
2078 sol={'V': 3, 'C': 7, 'E': 1267, 'F': 81} V:imm | C:L16:31 lifts[(-4, -4, 0), (-4, 0, -4), (-4, 0, 4)] Z3movers[(-4, -4, 0), (-4, 0, -4), (-4, 0, 4), (-4, 4, 0), (4, 4, 0), (0, 4, 4), (4, 0, 4)] | E:imm | F:imm
2156 sol={'V': 3, 'C': 7, 'E': 1361, 'F': 115} V:imm | C:L16:31 lifts[(-4, -4, 0), (-4, 0, -4), (-4, 0, 4)] Z3movers[(-4, -4, 0), (-4, 0, -4), (-4, 0, 4), (-4, 4, 0), (4, 4, 0), (0, 4, 4), (4, 0, 4)] | E:imm | F:imm
2186 sol={'V': 3, 'C': 7, 'E': 1395, 'F': 115} V:imm | C:L16:31 lifts[(-4, -4, 0), (-4, 0, -4), (-4, 0, 4)] Z3movers[(-4, -4, 0), (-4, 0, -4), (-4, 0, 4), (-4, 4, 0), (4, 4, 0), (0, 4, 4), (4, 0, 4)] | E:imm | F:imm
2721 sol={'V': 4, 'C': 3, 'E': 1233, 'F': 418} V:imm | C:imm | E:L16:255 lifts[(0, -2, 0), (0, 0, -2), (0, 0, 2)] Z3movers[(0, -2, 0), (0, 0, -2), (0, 0, 2), (0, 2, 0), (4, 0, 0), (0, 4, 0), (0, 0, 4), (4, 4, 0), (0, 4, 4), (4, 0, 4)] | F:imm
2729 sol={'V': 4, 'C': 3, 'E': 1233, 'F': 1314} V:imm | C:imm | E:L16:255 lifts[(0, -2, 0), (0, 0, -2), (0, 0, 2)] Z3movers[(0, -2, 0), (0, 0, -2), (0, 0, 2), (0, 2, 0), (4, 0, 0), (0, 4, 0), (0, 0, 4), (4, 4, 0), (0, 4, 4), (4, 0, 4)] | F:imm
2730 sol={'V': 4, 'C': 3, 'E': 1233, 'F': 1395} V:imm | C:imm | E:L16:255 lifts[(0, -2, 0), (0, 0, -2), (0, 0, 2)] Z3movers[(0, -2, 0), (0, 0, -2), (0, 0, 2), (0, 2, 0), (4, 0, 0), (0, 4, 0), (0, 0, 4), (4, 4, 0), (0, 4, 4), (4, 0, 4)] | F:imm
2751 sol={'V': 4, 'C': 3, 'E': 1267, 'F': 418} V:imm | C:imm | E:L16:255 lifts[(0, -2, 0), (0, 0, -2), (0, 0, 2)] Z3movers[(0, -2, 0), (0, 0, -2), (0, 0, 2), (0, 2, 0), (4, 0, 0), (0, 4, 0), (0, 0, 4), (4, 4, 0), (0, 4, 4), (4, 0, 4)] | F:imm
2757 sol={'V': 4, 'C': 3, 'E': 1267, 'F': 1186} V:imm | C:imm | E:L16:255 lifts[(0, -2, 0), (0, 0, -2), (0, 0, 2)] Z3movers[(0, -2, 0), (0, 0, -2), (0, 0, 2), (0, 2, 0), (4, 0, 0), (0, 4, 0), (0, 0, 4), (4, 4, 0), (0, 4, 4), (4, 0, 4)] | F:imm
2758 sol={'V': 4, 'C': 3, 'E': 1267, 'F': 1267} V:imm | C:imm | E:L16:255 lifts[(0, -2, 0), (0, 0, -2), (0, 0, 2)] Z3movers[(0, -2, 0), (0, 0, -2), (0, 0, 2), (0, 2, 0), (4, 0, 0), (0, 4, 0), (0, 0, 4), (4, 4, 0), (0, 4, 4), (4, 0, 4)] | F:imm
2845 sol={'V': 4, 'C': 3, 'E': 1361, 'F': 418} V:imm | C:imm | E:L16:255 lifts[(0, -2, 0), (0, 0, -2), (0, 0, 2)] Z3movers[(0, -2, 0), (0, 0, -2), (0, 0, 2), (0, 2, 0), (4, 0, 0), (0, 4, 0), (0, 0, 4), (4, 4, 0), (0, 4, 4), (4, 0, 4)] | F:imm
2853 sol={'V': 4, 'C': 3, 'E': 1361, 'F': 1314} V:imm | C:imm | E:L16:255 lifts[(0, -2, 0), (0, 0, -2), (0, 0, 2)] Z3movers[(0, -2, 0), (0, 0, -2), (0, 0, 2), (0, 2, 0), (4, 0, 0), (0, 4, 0), (0, 0, 4), (4, 4, 0), (0, 4, 4), (4, 0, 4)] | F:imm
2854 sol={'V': 4, 'C': 3, 'E': 1361, 'F': 1361} V:imm | C:imm | E:L16:255 lifts[(0, -2, 0), (0, 0, -2), (0, 0, 2)] Z3movers[(0, -2, 0), (0, 0, -2), (0, 0, 2), (0, 2, 0), (4, 0, 0), (0, 4, 0), (0, 0, 4), (4, 4, 0), (0, 4, 4), (4, 0, 4)] | F:imm
2875 sol={'V': 4, 'C': 3, 'E': 1395, 'F': 418} V:imm | C:imm | E:L16:255 lifts[(0, -2, 0), (0, 0, -2), (0, 0, 2)] Z3movers[(0, -2, 0), (0, 0, -2), (0, 0, 2), (0, 2, 0), (4, 0, 0), (0, 4, 0), (0, 0, 4), (4, 4, 0), (0, 4, 4), (4, 0, 4)] | F:imm
2881 sol={'V': 4, 'C': 3, 'E': 1395, 'F': 1186} V:imm | C:imm | E:L16:255 lifts[(0, -2, 0), (0, 0, -2), (0, 0, 2)] Z3movers[(0, -2, 0), (0, 0, -2), (0, 0, 2), (0, 2, 0), (4, 0, 0), (0, 4, 0), (0, 0, 4), (4, 4, 0), (0, 4, 4), (4, 0, 4)] | F:imm
2882 sol={'V': 4, 'C': 3, 'E': 1395, 'F': 1233} V:imm | C:imm | E:L16:255 lifts[(0, -2, 0), (0, 0, -2), (0, 0, 2)] Z3movers[(0, -2, 0), (0, 0, -2), (0, 0, 2), (0, 2, 0), (4, 0, 0), (0, 4, 0), (0, 0, 4), (4, 4, 0), (0, 4, 4), (4, 0, 4)] | F:imm
2969 sol={'V': 4, 'C': 3, 'E': 1747, 'F': 418} V:imm | C:imm | E:L16:255 lifts[(0, -2, 0), (0, 0, -2), (0, 0, 2)] Z3movers[(0, -2, 0), (0, 0, -2), (0, 0, 2), (0, 2, 0), (4, 0, 0), (0, 4, 0), (0, 0, 4), (4, 4, 0), (0, 4, 4), (4, 0, 4)] | F:imm
2975 sol={'V': 4, 'C': 3, 'E': 1747, 'F': 1186} V:imm | C:imm | E:L16:255 lifts[(0, -2, 0), (0, 0, -2), (0, 0, 2)] Z3movers[(0, -2, 0), (0, 0, -2), (0, 0, 2), (0, 2, 0), (4, 0, 0), (0, 4, 0), (0, 0, 4), (4, 4, 0), (0, 4, 4), (4, 0, 4)] | F:imm
2976 sol={'V': 4, 'C': 3, 'E': 1747, 'F': 1267} V:imm | C:imm | E:L16:255 lifts[(0, -2, 0), (0, 0, -2), (0, 0, 2)] Z3movers[(0, -2, 0), (0, 0, -2), (0, 0, 2), (0, 2, 0), (4, 0, 0), (0, 4, 0), (0, 0, 4), (4, 4, 0), (0, 4, 4), (4, 0, 4)] | F:imm
# stopped early after #2976
4468 sol={'V': 4, 'C': 7, 'E': 1875, 'F': 115} V:L16:31 lifts[(-4, -4, 0), (-4, 0, -4), (-4, 0, 4)] Z3movers[(-4, -4, 0), (-4, 0, -4), (-4, 0, 4), (-4, 4, 0), (4, 4, 0), (0, 4, 4), (4, 0, 4)] | C:imm | E:imm | F:imm
4498 sol={'V': 4, 'C': 7, 'E': 1905, 'F': 115} V:L16:31 lifts[(-4, -4, 0), (-4, 0, -4), (-4, 0, 4)] Z3movers[(-4, -4, 0), (-4, 0, -4), (-4, 0, 4), (-4, 4, 0), (4, 4, 0), (0, 4, 4), (4, 0, 4)] | C:imm | E:imm | F:imm
4529 sol={'V': 5, 'C': 1, 'E': 1153, 'F': 899} V:imm | C:imm | E:L16:3 lifts[(8, 0, 0), (0, 8, 8), (8, 8, 8)] Z3movers[] | F:imm
4531 sol={'V': 5, 'C': 1, 'E': 1155, 'F': 899} V:imm | C:imm | E:L16:3 lifts[(8, 0, 0), (0, 8, 8), (8, 8, 8)] Z3movers[] | F:imm
4537 sol={'V': 5, 'C': 1, 'E': 1281, 'F': 897} V:imm | C:imm | E:L16:3 lifts[(8, 0, 0), (0, 8, 8), (8, 8, 8)] Z3movers[] | F:imm
4539 sol={'V': 5, 'C': 1, 'E': 1283, 'F': 897} V:imm | C:imm | E:L16:3 lifts[(8, 0, 0), (0, 8, 8), (8, 8, 8)] Z3movers[] | F:imm
4545 sol={'V': 5, 'C': 1, 'E': 1665, 'F': 899} V:imm | C:imm | E:L16:3 lifts[(8, 0, 0), (0, 8, 8), (8, 8, 8)] Z3movers[] | F:imm
4547 sol={'V': 5, 'C': 1, 'E': 1667, 'F': 899} V:imm | C:imm | E:L16:3 lifts[(8, 0, 0), (0, 8, 8), (8, 8, 8)] Z3movers[] | F:imm
4553 sol={'V': 5, 'C': 1, 'E': 1793, 'F': 897} V:imm | C:imm | E:L16:3 lifts[(8, 0, 0), (0, 8, 8), (8, 8, 8)] Z3movers[] | F:imm
4555 sol={'V': 5, 'C': 1, 'E': 1795, 'F': 897} V:imm | C:imm | E:L16:3 lifts[(8, 0, 0), (0, 8, 8), (8, 8, 8)] Z3movers[] | F:imm
4616 sol={'V': 5, 'C': 3, 'E': 595, 'F': 1} V:imm | C:imm | E:imm | F:L16:15 lifts[(-4, 0, 0), (0, -4, 0), (0, 4, 0)] Z3movers[(-4, 0, 0), (0, -4, 0), (0, 4, 0), (4, 0, 0), (4, 0, 0), (0, 4, 0), (4, 4, 0)]
4617 sol={'V': 5, 'C': 3, 'E': 595, 'F': 3} V:imm | C:imm | E:imm | F:L16:15 lifts[(-4, 0, 0), (0, -4, 0), (0, 4, 0)] Z3movers[(-4, 0, 0), (0, -4, 0), (0, 4, 0), (4, 0, 0), (4, 0, 0), (0, 4, 0), (4, 4, 0)]
4620 sol={'V': 5, 'C': 3, 'E': 595, 'F': 1281} V:imm | C:imm | E:imm | F:L16:15 lifts[(-4, 0, 0), (0, -4, 0), (0, 4, 0)] Z3movers[(-4, 0, 0), (0, -4, 0), (0, 4, 0), (4, 0, 0), (4, 0, 0), (0, 4, 0), (4, 4, 0)]
4621 sol={'V': 5, 'C': 3, 'E': 595, 'F': 1283} V:imm | C:imm | E:imm | F:L16:15 lifts[(-4, 0, 0), (0, -4, 0), (0, 4, 0)] Z3movers[(-4, 0, 0), (0, -4, 0), (0, 4, 0), (4, 0, 0), (4, 0, 0), (0, 4, 0), (4, 4, 0)]
4624 sol={'V': 5, 'C': 3, 'E': 625, 'F': 1} V:imm | C:imm | E:imm | F:L16:15 lifts[(-4, 0, 0), (0, -4, 0), (0, 4, 0)] Z3movers[(-4, 0, 0), (0, -4, 0), (0, 4, 0), (4, 0, 0), (4, 0, 0), (0, 4, 0), (4, 4, 0)]
4625 sol={'V': 5, 'C': 3, 'E': 625, 'F': 3} V:imm | C:imm | E:imm | F:L16:15 lifts[(-4, 0, 0), (0, -4, 0), (0, 4, 0)] Z3movers[(-4, 0, 0), (0, -4, 0), (0, 4, 0), (4, 0, 0), (4, 0, 0), (0, 4, 0), (4, 4, 0)]
4628 sol={'V': 5, 'C': 3, 'E': 625, 'F': 1153} V:imm | C:imm | E:imm | F:L16:15 lifts[(-4, 0, 0), (0, -4, 0), (0, 4, 0)] Z3movers[(-4, 0, 0), (0, -4, 0), (0, 4, 0), (4, 0, 0), (4, 0, 0), (0, 4, 0), (4, 4, 0)]
4629 sol={'V': 5, 'C': 3, 'E': 625, 'F': 1155} V:imm | C:imm | E:imm | F:L16:15 lifts[(-4, 0, 0), (0, -4, 0), (0, 4, 0)] Z3movers[(-4, 0, 0), (0, -4, 0), (0, 4, 0), (4, 0, 0), (4, 0, 0), (0, 4, 0), (4, 4, 0)]
4813 sol={'V': 6, 'C': 1, 'E': 1665, 'F': 978} V:imm | C:imm | E:L16:3 lifts[(8, 0, 0), (0, 8, 8), (8, 8, 8)] Z3movers[] | F:imm
4815 sol={'V': 6, 'C': 1, 'E': 1667, 'F': 978} V:imm | C:imm | E:L16:3 lifts[(8, 0, 0), (0, 8, 8), (8, 8, 8)] Z3movers[] | F:imm
4819 sol={'V': 6, 'C': 1, 'E': 1793, 'F': 1010} V:imm | C:imm | E:L16:3 lifts[(8, 0, 0), (0, 8, 8), (8, 8, 8)] Z3movers[] | F:imm
4821 sol={'V': 6, 'C': 1, 'E': 1795, 'F': 1010} V:imm | C:imm | E:L16:3 lifts[(8, 0, 0), (0, 8, 8), (8, 8, 8)] Z3movers[] | F:imm
5680 sol={'V': 7, 'C': 4, 'E': 81, 'F': 81} V:L16:31 lifts[(-4, -4, 0), (-4, 0, -4), (-4, 0, 4)] Z3movers[(-4, -4, 0), (-4, 0, -4), (-4, 0, 4), (-4, 4, 0), (4, 4, 0), (0, 4, 4), (4, 0, 4)] | C:L16:31 lifts[(-4, -4, 0), (-4, 0, -4), (-4, 0, 4)] Z3movers[(-4, -4, 0), (-4, 0, -4), (-4, 0, 4), (-4, 4, 0), (4, 4, 0), (0, 4, 4), (4, 0, 4)] | E:imm | F:imm
5681 sol={'V': 7, 'C': 4, 'E': 81, 'F': 115} V:L16:31 lifts[(-4, -4, 0), (-4, 0, -4), (-4, 0, 4)] Z3movers[(-4, -4, 0), (-4, 0, -4), (-4, 0, 4), (-4, 4, 0), (4, 4, 0), (0, 4, 4), (4, 0, 4)] | C:L16:31 lifts[(-4, -4, 0), (-4, 0, -4), (-4, 0, 4)] Z3movers[(-4, -4, 0), (-4, 0, -4), (-4, 0, 4), (-4, 4, 0), (4, 4, 0), (0, 4, 4), (4, 0, 4)] | E:imm | F:imm
5682 sol={'V': 7, 'C': 4, 'E': 81, 'F': 595} V:L16:31 lifts[(-4, -4, 0), (-4, 0, -4), (-4, 0, 4)] Z3movers[(-4, -4, 0), (-4, 0, -4), (-4, 0, 4), (-4, 4, 0), (4, 4, 0), (0, 4, 4), (4, 0, 4)] | C:imm | E:imm | F:imm
5683 sol={'V': 7, 'C': 4, 'E': 81, 'F': 625} V:L16:31 lifts[(-4, -4, 0), (-4, 0, -4), (-4, 0, 4)] Z3movers[(-4, -4, 0), (-4, 0, -4), (-4, 0, 4), (-4, 4, 0), (4, 4, 0), (0, 4, 4), (4, 0, 4)] | C:imm | E:imm | F:imm
5686 sol={'V': 7, 'C': 4, 'E': 81, 'F': 1747} V:imm | C:L16:31 lifts[(-4, -4, 0), (-4, 0, -4), (-4, 0, 4)] Z3movers[(-4, -4, 0), (-4, 0, -4), (-4, 0, 4), (-4, 4, 0), (4, 4, 0), (0, 4, 4), (4, 0, 4)] | E:imm | F:imm
# stopped early after #5686
1052 sol={'V': 3, 'C': 4, 'E': 418, 'F': 1361} V:imm | C:imm | E:imm | F:L16:255 lifts[(-2, 0, 0), (0, -2, 0), (0, 2, 0)] Z3movers[(-2, 0, 0), (0, -2, 0), (0, 2, 0), (2, 0, 0), (4, 0, 0), (0, 4, 0), (0, 0, 4), (4, 4, 0), (0, 4, 4), (4, 0, 4)]
1054 sol={'V': 3, 'C': 4, 'E': 418, 'F': 1395} V:imm | C:imm | E:imm | F:L16:255 lifts[(-2, 0, 0), (0, -2, 0), (0, 2, 0)] Z3movers[(-2, 0, 0), (0, -2, 0), (0, 2, 0), (2, 0, 0), (4, 0, 0), (0, 4, 0), (0, 0, 4), (4, 4, 0), (0, 4, 4), (4, 0, 4)]
1056 sol={'V': 3, 'C': 4, 'E': 418, 'F': 1747} V:imm | C:imm | E:imm | F:L16:255 lifts[(-2, 0, 0), (0, -2, 0), (0, 2, 0)] Z3movers[(-2, 0, 0), (0, -2, 0), (0, 2, 0), (2, 0, 0), (4, 0, 0), (0, 4, 0), (0, 0, 4), (4, 4, 0), (0, 4, 4), (4, 0, 4)]
1058 sol={'V': 3, 'C': 4, 'E': 418, 'F': 1777} V:imm | C:imm | E:imm | F:L16:255 lifts[(-2, 0, 0), (0, -2, 0), (0, 2, 0)] Z3movers[(-2, 0, 0), (0, -2, 0), (0, 2, 0), (2, 0, 0), (4, 0, 0), (0, 4, 0), (0, 0, 4), (4, 4, 0), (0, 4, 4), (4, 0, 4)]
1060 sol={'V': 3, 'C': 4, 'E': 418, 'F': 1875} V:imm | C:imm | E:imm | F:L16:255 lifts[(-2, 0, 0), (0, -2, 0), (0, 2, 0)] Z3movers[(-2, 0, 0), (0, -2, 0), (0, 2, 0), (2, 0, 0), (4, 0, 0), (0, 4, 0), (0, 0, 4), (4, 4, 0), (0, 4, 4), (4, 0, 4)]
1062 sol={'V': 3, 'C': 4, 'E': 418, 'F': 1905} V:imm | C:imm | E:imm | F:L16:255 lifts[(-2, 0, 0), (0, -2, 0), (0, 2, 0)] Z3movers[(-2, 0, 0), (0, -2, 0), (0, 2, 0), (2, 0, 0), (4, 0, 0), (0, 4, 0), (0, 0, 4), (4, 4, 0), (0, 4, 4), (4, 0, 4)]
1200 sol={'V': 3, 'C': 4, 'E': 1152, 'F': 1152} V:imm | C:imm | E:imm | F:L16:255 lifts[(-2, 0, 0), (0, -2, 0), (0, 2, 0)] Z3movers[(-2, 0, 0), (0, -2, 0), (0, 2, 0), (2, 0, 0), (4, 0, 0), (0, 4, 0), (0, 0, 4), (4, 4, 0), (0, 4, 4), (4, 0, 4)]
1202 sol={'V': 3, 'C': 4, 'E': 1152, 'F': 1233} V:imm | C:imm | E:imm | F:L16:255 lifts[(-2, 0, 0), (0, -2, 0), (0, 2, 0)] Z3movers[(-2, 0, 0), (0, -2, 0), (0, 2, 0), (2, 0, 0), (4, 0, 0), (0, 4, 0), (0, 0, 4), (4, 4, 0), (0, 4, 4), (4, 0, 4)]
1204 sol={'V': 3, 'C': 4, 'E': 1152, 'F': 1280} V:imm | C:imm | E:imm | F:L16:255 lifts[(-2, 0, 0), (0, -2, 0), (0, 2, 0)] Z3movers[(-2, 0, 0), (0, -2, 0), (0, 2, 0), (2, 0, 0), (4, 0, 0), (0, 4, 0), (0, 0, 4), (4, 4, 0), (0, 4, 4), (4, 0, 4)]
1206 sol={'V': 3, 'C': 4, 'E': 1152, 'F': 1361} V:imm | C:imm | E:imm | F:L16:255 lifts[(-2, 0, 0), (0, -2, 0), (0, 2, 0)] Z3movers[(-2, 0, 0), (0, -2, 0), (0, 2, 0), (2, 0, 0), (4, 0, 0), (0, 4, 0), (0, 0, 4), (4, 4, 0), (0, 4, 4), (4, 0, 4)]
1208 sol={'V': 3, 'C': 4, 'E': 1152, 'F': 1696} V:imm | C:imm | E:imm | F:L16:255 lifts[(-2, 0, 0), (0, -2, 0), (0, 2, 0)] Z3movers[(-2, 0, 0), (0, -2, 0), (0, 2, 0), (2, 0, 0), (4, 0, 0), (0, 4, 0), (0, 0, 4), (4, 4, 0), (0, 4, 4), (4, 0, 4)]
1210 sol={'V': 3, 'C': 4, 'E': 1152, 'F': 1777} V:imm | C:imm | E:imm | F:L16:255 lifts[(-2, 0, 0), (0, -2, 0), (0, 2, 0)] Z3movers[(-2, 0, 0), (0, -2, 0), (0, 2, 0), (2, 0, 0), (4, 0, 0), (0, 4, 0), (0, 0, 4), (4, 4, 0), (0, 4, 4), (4, 0, 4)]
1212 sol={'V': 3, 'C': 4, 'E': 1152, 'F': 1824} V:imm | C:imm | E:imm | F:L16:255 lifts[(-2, 0, 0), (0, -2, 0), (0, 2, 0)] Z3movers[(-2, 0, 0), (0, -2, 0), (0, 2, 0), (2, 0, 0), (4, 0, 0), (0, 4, 0), (0, 0, 4), (4, 4, 0), (0, 4, 4), (4, 0, 4)]
1214 sol={'V': 3, 'C': 4, 'E': 1152, 'F': 1905} V:imm | C:imm | E:imm | F:L16:255 lifts[(-2, 0, 0), (0, -2, 0), (0, 2, 0)] Z3movers[(-2, 0, 0), (0, -2, 0), (0, 2, 0), (2, 0, 0), (4, 0, 0), (0, 4, 0), (0, 0, 4), (4, 4, 0), (0, 4, 4), (4, 0, 4)]
1220 sol={'V': 3, 'C': 4, 'E': 1160, 'F': 1152} V:imm | C:imm | E:imm | F:L16:255 lifts[(-2, 0, 0), (0, -2, 0), (0, 2, 0)] Z3movers[(-2, 0, 0), (0, -2, 0), (0, 2, 0), (2, 0, 0), (4, 0, 0), (0, 4, 0), (0, 0, 4), (4, 4, 0), (0, 4, 4), (4, 0, 4)]
1222 sol={'V': 3, 'C': 4, 'E': 1160, 'F': 1280} V:imm | C:imm | E:imm | F:L16:255 lifts[(-2, 0, 0), (0, -2, 0), (0, 2, 0)] Z3movers[(-2, 0, 0), (0, -2, 0), (0, 2, 0), (2, 0, 0), (4, 0, 0), (0, 4, 0), (0, 0, 4), (4, 4, 0), (0, 4, 4), (4, 0, 4)]
1224 sol={'V': 3, 'C': 4, 'E': 1160, 'F': 1696} V:imm | C:imm | E:imm | F:L16:255 lifts[(-2, 0, 0), (0, -2, 0), (0, 2, 0)] Z3movers[(-2, 0, 0), (0, -2, 0), (0, 2, 0), (2, 0, 0), (4, 0, 0), (0, 4, 0), (0, 0, 4), (4, 4, 0), (0, 4, 4), (4, 0, 4)]
1226 sol={'V': 3, 'C': 4, 'E': 1160, 'F': 1824} V:imm | C:imm | E:imm | F:L16:255 lifts[(-2, 0, 0), (0, -2, 0), (0, 2, 0)] Z3movers[(-2, 0, 0), (0, -2, 0), (0, 2, 0), (2, 0, 0), (4, 0, 0), (0, 4, 0), (0, 0, 4), (4, 4, 0), (0, 4, 4), (4, 0, 4)]
1232 sol={'V': 3, 'C': 4, 'E': 1186, 'F': 1186} V:imm | C:imm | E:imm | F:L16:255 lifts[(-2, 0, 0), (0, -2, 0), (0, 2, 0)] Z3movers[(-2, 0, 0), (0, -2, 0), (0, 2, 0), (2, 0, 0), (4, 0, 0), (0, 4, 0), (0, 0, 4), (4, 4, 0), (0, 4, 4), (4, 0, 4)]
1234 sol={'V': 3, 'C': 4, 'E': 1186, 'F': 1267} V:imm | C:imm | E:imm | F:L16:255 lifts[(-2, 0, 0), (0, -2, 0), (0, 2, 0)] Z3movers[(-2, 0, 0), (0, -2, 0), (0, 2, 0), (2, 0, 0), (4, 0, 0), (0, 4, 0), (0, 0, 4), (4, 4, 0), (0, 4, 4), (4, 0, 4)]
1236 sol={'V': 3, 'C': 4, 'E': 1186, 'F': 1314} V:imm | C:imm | E:imm | F:L16:255 lifts[(-2, 0, 0), (0, -2, 0), (0, 2, 0)] Z3movers[(-2, 0, 0), (0, -2, 0), (0, 2, 0), (2, 0, 0), (4, 0, 0), (0, 4, 0), (0, 0, 4), (4, 4, 0), (0, 4, 4), (4, 0, 4)]
1238 sol={'V': 3, 'C': 4, 'E': 1186, 'F': 1395} V:imm | C:imm | E:imm | F:L16:255 lifts[(-2, 0, 0), (0, -2, 0), (0, 2, 0)] Z3movers[(-2, 0, 0), (0, -2, 0), (0, 2, 0), (2, 0, 0), (4, 0, 0), (0, 4, 0), (0, 0, 4), (4, 4, 0), (0, 4, 4), (4, 0, 4)]
1240 sol={'V': 3, 'C': 4, 'E': 1186, 'F': 1666} V:imm | C:imm | E:imm | F:L16:255 lifts[(-2, 0, 0), (0, -2, 0), (0, 2, 0)] Z3movers[(-2, 0, 0), (0, -2, 0), (0, 2, 0), (2, 0, 0), (4, 0, 0), (0, 4, 0), (0, 0, 4), (4, 4, 0), (0, 4, 4), (4, 0, 4)]
1242 sol={'V': 3, 'C': 4, 'E': 1186, 'F': 1747} V:imm | C:imm | E:imm | F:L16:255 lifts[(-2, 0, 0), (0, -2, 0), (0, 2, 0)] Z3movers[(-2, 0, 0), (0, -2, 0), (0, 2, 0), (2, 0, 0), (4, 0, 0), (0, 4, 0), (0, 0, 4), (4, 4, 0), (0, 4, 4), (4, 0, 4)]
1380 sol={'V': 3, 'C': 4, 'E': 1322, 'F': 1186} V:imm | C:imm | E:imm | F:L16:255 lifts[(-2, 0, 0), (0, -2, 0), (0, 2, 0)] Z3movers[(-2, 0, 0), (0, -2, 0), (0, 2, 0), (2, 0, 0), (4, 0, 0), (0, 4, 0), (0, 0, 4), (4, 4, 0), (0, 4, 4), (4, 0, 4)]
1382 sol={'V': 3, 'C': 4, 'E': 1322, 'F': 1314} V:imm | C:imm | E:imm | F:L16:255 lifts[(-2, 0, 0), (0, -2, 0), (0, 2, 0)] Z3movers[(-2, 0, 0), (0, -2, 0), (0, 2, 0), (2, 0, 0), (4, 0, 0), (0, 4, 0), (0, 0, 4), (4, 4, 0), (0, 4, 4), (4, 0, 4)]
1384 sol={'V': 3, 'C': 4, 'E': 1322, 'F': 1666} V:imm | C:imm | E:imm | F:L16:255 lifts[(-2, 0, 0), (0, -2, 0), (0, 2, 0)] Z3movers[(-2, 0, 0), (0, -2, 0), (0, 2, 0), (2, 0, 0), (4, 0, 0), (0, 4, 0), (0, 0, 4), (4, 4, 0), (0, 4, 4), (4, 0, 4)]
1386 sol={'V': 3, 'C': 4, 'E': 1322, 'F': 1794} V:imm | C:imm | E:imm | F:L16:255 lifts[(-2, 0, 0), (0, -2, 0), (0, 2, 0)] Z3movers[(-2, 0, 0), (0, -2, 0), (0, 2, 0), (2, 0, 0), (4, 0, 0), (0, 4, 0), (0, 0, 4), (4, 4, 0), (0, 4, 4), (4, 0, 4)]
1400 sol={'V': 3, 'C': 4, 'E': 1361, 'F': 1152} V:imm | C:imm | E:imm | F:L16:255 lifts[(-2, 0, 0), (0, -2, 0), (0, 2, 0)] Z3movers[(-2, 0, 0), (0, -2, 0), (0, 2, 0), (2, 0, 0), (4, 0, 0), (0, 4, 0), (0, 0, 4), (4, 4, 0), (0, 4, 4), (4, 0, 4)]
1402 sol={'V': 3, 'C': 4, 'E': 1361, 'F': 1314} V:imm | C:imm | E:imm | F:L16:255 lifts[(-2, 0, 0), (0, -2, 0), (0, 2, 0)] Z3movers[(-2, 0, 0), (0, -2, 0), (0, 2, 0), (2, 0, 0), (4, 0, 0), (0, 4, 0), (0, 0, 4), (4, 4, 0), (0, 4, 4), (4, 0, 4)]
1403 sol={'V': 3, 'C': 4, 'E': 1361, 'F': 1361} V:imm | C:imm | E:imm | F:L16:255 lifts[(-2, 0, 0), (0, -2, 0), (0, 2, 0)] Z3movers[(-2, 0, 0), (0, -2, 0), (0, 2, 0), (2, 0, 0), (4, 0, 0), (0, 4, 0), (0, 0, 4), (4, 4, 0), (0, 4, 4), (4, 0, 4)]
1404 sol={'V': 3, 'C': 4, 'E': 1361, 'F': 1696} V:imm | C:imm | E:imm | F:L16:255 lifts[(-2, 0, 0), (0, -2, 0), (0, 2, 0)] Z3movers[(-2, 0, 0), (0, -2, 0), (0, 2, 0), (2, 0, 0), (4, 0, 0), (0, 4, 0), (0, 0, 4), (4, 4, 0), (0, 4, 4), (4, 0, 4)]
1406 sol={'V': 3, 'C': 4, 'E': 1361, 'F': 1794} V:imm | C:imm | E:imm | F:L16:255 lifts[(-2, 0, 0), (0, -2, 0), (0, 2, 0)] Z3movers[(-2, 0, 0), (0, -2, 0), (0, 2, 0), (2, 0, 0), (4, 0, 0), (0, 4, 0), (0, 0, 4), (4, 4, 0), (0, 4, 4), (4, 0, 4)]
1407 sol={'V': 3, 'C': 4, 'E': 1361, 'F': 1905} V:imm | C:imm | E:imm | F:L16:255 lifts[(-2, 0, 0), (0, -2, 0), (0, 2, 0)] Z3movers[(-2, 0, 0), (0, -2, 0), (0, 2, 0), (2, 0, 0), (4, 0, 0), (0, 4, 0), (0, 0, 4), (4, 4, 0), (0, 4, 4), (4, 0, 4)]
1418 sol={'V': 3, 'C': 4, 'E': 1369, 'F': 1152} V:imm | C:imm | E:imm | F:L16:255 lifts[(-2, 0, 0), (0, -2, 0), (0, 2, 0)] Z3movers[(-2, 0, 0), (0, -2, 0), (0, 2, 0), (2, 0, 0), (4, 0, 0), (0, 4, 0), (0, 0, 4), (4, 4, 0), (0, 4, 4), (4, 0, 4)]
1420 sol={'V': 3, 'C': 4, 'E': 1369, 'F': 1314} V:imm | C:imm | E:imm | F:L16:255 lifts[(-2, 0, 0), (0, -2, 0), (0, 2, 0)] Z3movers[(-2, 0, 0), (0, -2, 0), (0, 2, 0), (2, 0, 0), (4, 0, 0), (0, 4, 0), (0, 0, 4), (4, 4, 0), (0, 4, 4), (4, 0, 4)]
1422 sol={'V': 3, 'C': 4, 'E': 1369, 'F': 1696} V:imm | C:imm | E:imm | F:L16:255 lifts[(-2, 0, 0), (0, -2, 0), (0, 2, 0)] Z3movers[(-2, 0, 0), (0, -2, 0), (0, 2, 0), (2, 0, 0), (4, 0, 0), (0, 4, 0), (0, 0, 4), (4, 4, 0), (0, 4, 4), (4, 0, 4)]
1424 sol={'V': 3, 'C': 4, 'E': 1369, 'F': 1794} V:imm | C:imm | E:imm | F:L16:255 lifts[(-2, 0, 0), (0, -2, 0), (0, 2, 0)] Z3movers[(-2, 0, 0), (0, -2, 0), (0, 2, 0), (2, 0, 0), (4, 0, 0), (0, 4, 0), (0, 0, 4), (4, 4, 0), (0, 4, 4), (4, 0, 4)]
2999 sol={'V': 4, 'C': 3, 'E': 1777, 'F': 418} V:imm | C:imm | E:L16:255 lifts[(0, -2, 0), (0, 0, -2), (0, 0, 2)] Z3movers[(0, -2, 0), (0, 0, -2), (0, 0, 2), (0, 2, 0), (4, 0, 0), (0, 4, 0), (0, 0, 4), (4, 4, 0), (0, 4, 4), (4, 0, 4)] | F:imm
3007 sol={'V': 4, 'C': 3, 'E': 1777, 'F': 1314} V:imm | C:imm | E:L16:255 lifts[(0, -2, 0), (0, 0, -2), (0, 0, 2)] Z3movers[(0, -2, 0), (0, 0, -2), (0, 0, 2), (0, 2, 0), (4, 0, 0), (0, 4, 0), (0, 0, 4), (4, 4, 0), (0, 4, 4), (4, 0, 4)] | F:imm
3008 sol={'V': 4, 'C': 3, 'E': 1777, 'F': 1395} V:imm | C:imm | E:L16:255 lifts[(0, -2, 0), (0, 0, -2), (0, 0, 2)] Z3movers[(0, -2, 0), (0, 0, -2), (0, 0, 2), (0, 2, 0), (4, 0, 0), (0, 4, 0), (0, 0, 4), (4, 4, 0), (0, 4, 4), (4, 0, 4)] | F:imm
3093 sol={'V': 4, 'C': 3, 'E': 1875, 'F': 418} V:imm | C:imm | E:L16:255 lifts[(0, -2, 0), (0, 0, -2), (0, 0, 2)] Z3movers[(0, -2, 0), (0, 0, -2), (0, 0, 2), (0, 2, 0), (4, 0, 0), (0, 4, 0), (0, 0, 4), (4, 4, 0), (0, 4, 4), (4, 0, 4)] | F:imm
3099 sol={'V': 4, 'C': 3, 'E': 1875, 'F': 1186} V:imm | C:imm | E:L16:255 lifts[(0, -2, 0), (0, 0, -2), (0, 0, 2)] Z3movers[(0, -2, 0), (0, 0, -2), (0, 0, 2), (0, 2, 0), (4, 0, 0), (0, 4, 0), (0, 0, 4), (4, 4, 0), (0, 4, 4), (4, 0, 4)] | F:imm
3100 sol={'V': 4, 'C': 3, 'E': 1875, 'F': 1233} V:imm | C:imm | E:L16:255 lifts[(0, -2, 0), (0, 0, -2), (0, 0, 2)] Z3movers[(0, -2, 0), (0, 0, -2), (0, 0, 2), (0, 2, 0), (4, 0, 0), (0, 4, 0), (0, 0, 4), (4, 4, 0), (0, 4, 4), (4, 0, 4)] | F:imm
3123 sol={'V': 4, 'C': 3, 'E': 1905, 'F': 418} V:imm | C:imm | E:L16:255 lifts[(0, -2, 0), (0, 0, -2), (0, 0, 2)] Z3movers[(0, -2, 0), (0, 0, -2), (0, 0, 2), (0, 2, 0), (4, 0, 0), (0, 4, 0), (0, 0, 4), (4, 4, 0), (0, 4, 4), (4, 0, 4)] | F:imm
3131 sol={'V': 4, 'C': 3, 'E': 1905, 'F': 1314} V:imm | C:imm | E:L16:255 lifts[(0, -2, 0), (0, 0, -2), (0, 0, 2)] Z3movers[(0, -2, 0), (0, 0, -2), (0, 0, 2), (0, 2, 0), (4, 0, 0), (0, 4, 0), (0, 0, 4), (4, 4, 0), (0, 4, 4), (4, 0, 4)] | F:imm
3132 sol={'V': 4, 'C': 3, 'E': 1905, 'F': 1361} V:imm | C:imm | E:L16:255 lifts[(0, -2, 0), (0, 0, -2), (0, 0, 2)] Z3movers[(0, -2, 0), (0, 0, -2), (0, 0, 2), (0, 2, 0), (4, 0, 0), (0, 4, 0), (0, 0, 4), (4, 4, 0), (0, 4, 4), (4, 0, 4)] | F:imm
3376 sol={'V': 4, 'C': 4, 'E': 1233, 'F': 81} V:L16:31 lifts[(-4, -4, 0), (-4, 0, -4), (-4, 0, 4)] Z3movers[(-4, -4, 0), (-4, 0, -4), (-4, 0, 4), (-4, 4, 0), (4, 4, 0), (0, 4, 4), (4, 0, 4)] | C:imm | E:imm | F:imm
3380 sol={'V': 4, 'C': 4, 'E': 1233, 'F': 625} V:L16:31 lifts[(-4, -4, 0), (-4, 0, -4), (-4, 0, 4)] Z3movers[(-4, -4, 0), (-4, 0, -4), (-4, 0, 4), (-4, 4, 0), (4, 4, 0), (0, 4, 4), (4, 0, 4)] | C:imm | E:imm | F:imm
3406 sol={'V': 4, 'C': 4, 'E': 1267, 'F': 81} V:L16:31 lifts[(-4, -4, 0), (-4, 0, -4), (-4, 0, 4)] Z3movers[(-4, -4, 0), (-4, 0, -4), (-4, 0, 4), (-4, 4, 0), (4, 4, 0), (0, 4, 4), (4, 0, 4)] | C:imm | E:imm | F:imm
3410 sol={'V': 4, 'C': 4, 'E': 1267, 'F': 625} V:L16:31 lifts[(-4, -4, 0), (-4, 0, -4), (-4, 0, 4)] Z3movers[(-4, -4, 0), (-4, 0, -4), (-4, 0, 4), (-4, 4, 0), (4, 4, 0), (0, 4, 4), (4, 0, 4)] | C:imm | E:imm | F:imm
3484 sol={'V': 4, 'C': 4, 'E': 1361, 'F': 115} V:L16:31 lifts[(-4, -4, 0), (-4, 0, -4), (-4, 0, 4)] Z3movers[(-4, -4, 0), (-4, 0, -4), (-4, 0, 4), (-4, 4, 0), (4, 4, 0), (0, 4, 4), (4, 0, 4)] | C:imm | E:imm | F:imm
3488 sol={'V': 4, 'C': 4, 'E': 1361, 'F': 595} V:L16:31 lifts[(-4, -4, 0), (-4, 0, -4), (-4, 0, 4)] Z3movers[(-4, -4, 0), (-4, 0, -4), (-4, 0, 4), (-4, 4, 0), (4, 4, 0), (0, 4, 4), (4, 0, 4)] | C:imm | E:imm | F:imm
3514 sol={'V': 4, 'C': 4, 'E': 1395, 'F': 115} V:L16:31 lifts[(-4, -4, 0), (-4, 0, -4), (-4, 0, 4)] Z3movers[(-4, -4, 0), (-4, 0, -4), (-4, 0, 4), (-4, 4, 0), (4, 4, 0), (0, 4, 4), (4, 0, 4)] | C:imm | E:imm | F:imm
3518 sol={'V': 4, 'C': 4, 'E': 1395, 'F': 595} V:L16:31 lifts[(-4, -4, 0), (-4, 0, -4), (-4, 0, 4)] Z3movers[(-4, -4, 0), (-4, 0, -4), (-4, 0, 4), (-4, 4, 0), (4, 4, 0), (0, 4, 4), (4, 0, 4)] | C:imm | E:imm | F:imm
4360 sol={'V': 4, 'C': 7, 'E': 1747, 'F': 81} V:L16:31 lifts[(-4, -4, 0), (-4, 0, -4), (-4, 0, 4)] Z3movers[(-4, -4, 0), (-4, 0, -4), (-4, 0, 4), (-4, 4, 0), (4, 4, 0), (0, 4, 4), (4, 0, 4)] | C:imm | E:imm | F:imm
4390 sol={'V': 4, 'C': 7, 'E': 1777, 'F': 81} V:L16:31 lifts[(-4, -4, 0), (-4, 0, -4), (-4, 0, 4)] Z3movers[(-4, -4, 0), (-4, 0, -4), (-4, 0, 4), (-4, 4, 0), (4, 4, 0), (0, 4, 4), (4, 0, 4)] | C:imm | E:imm | F:imm
5687 sol={'V': 7, 'C': 4, 'E': 81, 'F': 1777} V:imm | C:L16:31 lifts[(-4, -4, 0), (-4, 0, -4), (-4, 0, 4)] Z3movers[(-4, -4, 0), (-4, 0, -4), (-4, 0, 4), (-4, 4, 0), (4, 4, 0), (0, 4, 4), (4, 0, 4)] | E:imm | F:imm
5696 sol={'V': 7, 'C': 4, 'E': 115, 'F': 81} V:L16:31 lifts[(-4, -4, 0), (-4, 0, -4), (-4, 0, 4)] Z3movers[(-4, -4, 0), (-4, 0, -4), (-4, 0, 4), (-4, 4, 0), (4, 4, 0), (0, 4, 4), (4, 0, 4)] | C:L16:31 lifts[(-4, -4, 0), (-4, 0, -4), (-4, 0, 4)] Z3movers[(-4, -4, 0), (-4, 0, -4), (-4, 0, 4), (-4, 4, 0), (4, 4, 0), (0, 4, 4), (4, 0, 4)] | E:imm | F:imm
5697 sol={'V': 7, 'C': 4, 'E': 115, 'F': 115} V:L16:31 lifts[(-4, -4, 0), (-4, 0, -4), (-4, 0, 4)] Z3movers[(-4, -4, 0), (-4, 0, -4), (-4, 0, 4), (-4, 4, 0), (4, 4, 0), (0, 4, 4), (4, 0, 4)] | C:L16:31 lifts[(-4, -4, 0), (-4, 0, -4), (-4, 0, 4)] Z3movers[(-4, -4, 0), (-4, 0, -4), (-4, 0, 4), (-4, 4, 0), (4, 4, 0), (0, 4, 4), (4, 0, 4)] | E:imm | F:imm
5698 sol={'V': 7, 'C': 4, 'E': 115, 'F': 595} V:L16:31 lifts[(-4, -4, 0), (-4, 0, -4), (-4, 0, 4)] Z3movers[(-4, -4, 0), (-4, 0, -4), (-4, 0, 4), (-4, 4, 0), (4, 4, 0), (0, 4, 4), (4, 0, 4)] | C:imm | E:imm | F:imm
5699 sol={'V': 7, 'C': 4, 'E': 115, 'F': 625} V:L16:31 lifts[(-4, -4, 0), (-4, 0, -4), (-4, 0, 4)] Z3movers[(-4, -4, 0), (-4, 0, -4), (-4, 0, 4), (-4, 4, 0), (4, 4, 0), (0, 4, 4), (4, 0, 4)] | C:imm | E:imm | F:imm
5702 sol={'V': 7, 'C': 4, 'E': 115, 'F': 1875} V:imm | C:L16:31 lifts[(-4, -4, 0), (-4, 0, -4), (-4, 0, 4)] Z3movers[(-4, -4, 0), (-4, 0, -4), (-4, 0, 4), (-4, 4, 0), (4, 4, 0), (0, 4, 4), (4, 0, 4)] | E:imm | F:imm
5703 sol={'V': 7, 'C': 4, 'E': 115, 'F': 1905} V:imm | C:L16:31 lifts[(-4, -4, 0), (-4, 0, -4), (-4, 0, 4)] Z3movers[(-4, -4, 0), (-4, 0, -4), (-4, 0, 4), (-4, 4, 0), (4, 4, 0), (0, 4, 4), (4, 0, 4)] | E:imm | F:imm
5904 sol={'V': 7, 'C': 4, 'E': 1233, 'F': 81} V:L16:31 lifts[(-4, -4, 0), (-4, 0, -4), (-4, 0, 4)] Z3movers[(-4, -4, 0), (-4, 0, -4), (-4, 0, 4), (-4, 4, 0), (4, 4, 0), (0, 4, 4), (4, 0, 4)] | C:imm | E:imm | F:imm
5908 sol={'V': 7, 'C': 4, 'E': 1233, 'F': 625} V:L16:31 lifts[(-4, -4, 0), (-4, 0, -4), (-4, 0, 4)] Z3movers[(-4, -4, 0), (-4, 0, -4), (-4, 0, 4), (-4, 4, 0), (4, 4, 0), (0, 4, 4), (4, 0, 4)] | C:imm | E:imm | F:imm
5934 sol={'V': 7, 'C': 4, 'E': 1267, 'F': 81} V:L16:31 lifts[(-4, -4, 0), (-4, 0, -4), (-4, 0, 4)] Z3movers[(-4, -4, 0), (-4, 0, -4), (-4, 0, 4), (-4, 4, 0), (4, 4, 0), (0, 4, 4), (4, 0, 4)] | C:imm | E:imm | F:imm
5938 sol={'V': 7, 'C': 4, 'E': 1267, 'F': 625} V:L16:31 lifts[(-4, -4, 0), (-4, 0, -4), (-4, 0, 4)] Z3movers[(-4, -4, 0), (-4, 0, -4), (-4, 0, 4), (-4, 4, 0), (4, 4, 0), (0, 4, 4), (4, 0, 4)] | C:imm | E:imm | F:imm
6012 sol={'V': 7, 'C': 4, 'E': 1361, 'F': 115} V:L16:31 lifts[(-4, -4, 0), (-4, 0, -4), (-4, 0, 4)] Z3movers[(-4, -4, 0), (-4, 0, -4), (-4, 0, 4), (-4, 4, 0), (4, 4, 0), (0, 4, 4), (4, 0, 4)] | C:imm | E:imm | F:imm
6016 sol={'V': 7, 'C': 4, 'E': 1361, 'F': 595} V:L16:31 lifts[(-4, -4, 0), (-4, 0, -4), (-4, 0, 4)] Z3movers[(-4, -4, 0), (-4, 0, -4), (-4, 0, 4), (-4, 4, 0), (4, 4, 0), (0, 4, 4), (4, 0, 4)] | C:imm | E:imm | F:imm
6042 sol={'V': 7, 'C': 4, 'E': 1395, 'F': 115} V:L16:31 lifts[(-4, -4, 0), (-4, 0, -4), (-4, 0, 4)] Z3movers[(-4, -4, 0), (-4, 0, -4), (-4, 0, 4), (-4, 4, 0), (4, 4, 0), (0, 4, 4), (4, 0, 4)] | C:imm | E:imm | F:imm
6046 sol={'V': 7, 'C': 4, 'E': 1395, 'F': 595} V:L16:31 lifts[(-4, -4, 0), (-4, 0, -4), (-4, 0, 4)] Z3movers[(-4, -4, 0), (-4, 0, -4), (-4, 0, 4), (-4, 4, 0), (4, 4, 0), (0, 4, 4), (4, 0, 4)] | C:imm | E:imm | F:imm
