w0=1.0 w1=1.0 beta=1.5 L=32 T=2000 T0=1000 seed=2 start=orthogonal
memory table: level, |m|, |m_even|, |m_odd|, cos(m_even, m_odd)
        1  0.7262  0.8904  0.8902  +0.3306
        2  0.7747  0.8682  0.8692  +0.5906
        3  0.8114  0.8636  0.8638  +0.7654
        5  0.8479  0.8622  0.8636  +0.9312
        7  0.8587  0.8634  0.8620  +0.9817
       11  0.8610  0.8608  0.8620  +0.9981
       16  0.8591  0.8591  0.8590  +0.9999
       25  0.8583  0.8582  0.8585  +0.9999
       37  0.8581  0.8587  0.8575  +1.0000
       55  0.8569  0.8588  0.8550  +0.9999
       81  0.8561  0.8566  0.8555  +1.0000
      122  0.8568  0.8563  0.8573  +0.9999
      181  0.8562  0.8544  0.8579  +1.0000
      271  0.8544  0.8534  0.8555  +0.9999
      404  0.8532  0.8534  0.8530  +1.0000
      602  0.8549  0.8559  0.8539  +0.9999
      899  0.8541  0.8549  0.8532  +1.0000
     1341  0.8508  0.8501  0.8515  +1.0000
     2000  0.8558  0.8540  0.8577  +1.0000
SUMMARY: w0=1.0 w1=1.0 beta=1.5 L=32 T=2000 start=orthogonal plateau_|m|=0.8548 plateau_cos_even_odd=+1.0000 seconds=8
