cut=g64 {'kind': 'gauss', 'sig': 64.0}  m=0.6 K0=0.3 v0=v(K0)=0.39655 cells/tick  T=600 B=300 M=2048 cells  packet w0=20.0
cols: g | E[Y(t)]/t at t=75,150,300,600 | sd Y(t) | slope mean, sd, rmse vs v0 | half-slopes s1,s2, corr12, same-sign | resid | <#reg> | final K mean, sd, plus-band wt
g=0.006 | +0.0840 +0.1509 +0.2298 +0.2899 |   27.69   37.60   52.21   67.01 | +0.4271 0.3595 0.3608 | +0.4830 +0.6581 -0.027 0.770 |   19.38 |    3.7 | +0.2997 0.0397 0.9998
g=0.01  | +0.1279 +0.2065 +0.2756 +0.3269 |   33.09   39.79   50.94   60.65 | +0.3984 0.0938 0.0938 | +0.4021 +0.4136 +0.014 0.878 |   23.46 |    5.9 | +0.3004 0.0463 0.9997
g=0.02  | +0.1827 +0.2534 +0.3134 +0.3618 |   38.72   40.42   45.39   48.39 | +0.3949 0.0671 0.0672 | +0.3912 +0.5634 -0.119 0.935 |   27.82 |   11.7 | +0.3005 0.0590 0.9997
g=0.03  | +0.2490 +0.3017 +0.3713 +0.3674 |   36.66   43.08   40.59   49.22 | +0.3888 0.0672 0.0677 | +0.4000 +0.3728 +0.156 0.977 |   29.53 |   18.3 | +0.2956 0.0720 0.9995
g=0.05  | +0.2482 +0.3346 +0.3603 +0.3753 |   38.53   37.20   39.00   47.24 | +0.3937 0.0663 0.0663 | +0.4000 +0.3864 +0.139 0.997 |   30.41 |   30.1 | +0.2996 0.0869 0.9992
g=0.1   | +0.3525 +0.3784 +0.3733 +0.3856 |   39.34   43.29   40.15   65.72 | +0.3851 0.0942 0.0949 | +0.3954 +0.3882 +0.452 0.990 |   31.63 |   60.6 | +0.3022 0.1196 0.9891
g=0.2   | +0.3834 +0.3694 +0.3731 +0.3741 |   38.25   39.72   46.48   82.40 | +0.3735 0.1287 0.1308 | +0.3848 +0.3568 +0.592 0.963 |   32.20 |  120.8 | +0.2898 0.1829 0.9890
elapsed 13.8 s
