r	ua	uc	w	R	masks	low_slack	hole_slack
1	0	0	0	35	1	0	253
1	0	1	0	63	5	13/2	201
1	0	2	0	79	10	25	161
1	0	3	0	83	10	111/2	133
1	0	4	0	75	5	98	117
1	0	5	0	55	1	305/2	113
1	1	0	0	63	5	13/2	201
1	1	1	0	104	25	0	136
1	1	2	0	125	50	27/2	91
1	1	3	0	126	50	47	66
1	1	4	0	107	25	201/2	61
1	1	5	0	68	5	174	76
1	2	0	0	79	10	25	161
1	2	1	0	125	50	27/2	91
1	2	2	0	147	100	26	45
1	2	3	0	145	100	125/2	23
1	2	4	0	119	50	123	25
1	2	5	0	69	10	415/2	51
1	3	0	0	83	10	111/2	133
1	3	1	0	126	50	47	66
1	3	2	0	145	100	125/2	23
1	3	3	0	140	100	102	4
1	3	4	0	111	50	331/2	9
1	3	5	0	58	10	253	38
1	4	0	0	75	5	98	117
1	4	1	0	107	25	201/2	61
1	4	2	0	119	50	123	25
1	4	3	0	111	50	331/2	9
1	4	4	0	83	25	228	13
1	4	5	0	35	5	621/2	37
1	5	0	0	55	1	305/2	113
1	5	1	0	68	5	174	76
1	5	2	0	69	10	415/2	51
1	5	3	0	58	10	253	38
1	5	4	0	35	5	621/2	37
1	5	5	0	0	1	380	48
1	1	1	1	75	1	29	165
1	1	2	1	100	5	77/2	116
1	1	3	1	105	10	68	87
1	1	4	1	90	10	235/2	78
1	1	5	1	55	5	187	89
1	1	6	1	0	1	553/2	120
1	2	1	1	100	5	77/2	116
1	2	2	1	128	25	45	64
1	2	3	1	132	50	151/2	36
1	2	4	1	112	50	130	32
1	2	5	1	68	25	417/2	52
1	2	6	1	0	5	311	96
1	3	1	1	105	10	68	87
1	3	2	1	132	50	151/2	36
1	3	3	1	135	100	107	9
1	3	4	1	114	100	325/2	6
1	3	5	1	69	50	242	27
1	3	6	1	0	10	691/2	72
1	4	1	1	90	10	235/2	78
1	4	2	1	112	50	130	32
1	4	3	1	114	100	325/2	6
1	4	4	1	96	100	215	0
1	4	5	1	58	50	575/2	14
1	4	6	1	0	10	380	48
1	5	1	1	55	5	187	89
1	5	2	1	68	25	417/2	52
1	5	3	1	69	50	242	27
1	5	4	1	58	50	575/2	14
1	5	5	1	35	25	345	13
1	5	6	1	0	5	829/2	24
1	6	1	1	0	1	553/2	120
1	6	2	1	0	5	311	96
1	6	3	1	0	10	691/2	72
1	6	4	1	0	10	380	48
1	6	5	1	0	5	829/2	24
1	6	6	1	0	1	449	0
2	0	0	0	36	1	0	240
2	0	1	0	68	4	5	185
2	0	2	0	88	6	22	142
2	0	3	0	96	4	51	111
2	0	4	0	92	1	92	92
2	1	0	0	68	4	5	185
2	1	1	0	110	16	0	120
2	1	2	0	132	24	15	75
2	1	3	0	134	16	50	50
2	1	4	0	116	4	105	45
2	2	0	0	88	6	22	142
2	2	1	0	132	24	15	75
2	2	2	0	152	36	32	32
2	2	3	0	148	24	73	13
2	2	4	0	120	6	138	18
2	3	0	0	96	4	51	111
2	3	1	0	134	16	50	50
2	3	2	0	148	24	73	13
2	3	3	0	138	16	120	0
2	3	4	0	104	4	191	11
2	4	0	0	92	1	92	92
2	4	1	0	116	4	105	45
2	4	2	0	120	6	138	18
2	4	3	0	104	4	191	11
2	4	4	0	68	1	264	24
2	1	1	1	80	2	30	150
2	1	2	1	106	8	41	101
2	1	3	1	112	12	72	72
2	1	4	1	98	8	123	63
2	1	5	1	64	2	194	74
2	2	1	1	106	8	41	101
2	2	2	1	132	32	52	52
2	2	3	1	134	48	87	27
2	2	4	1	112	32	146	26
2	2	5	1	66	8	229	49
2	3	1	1	112	12	72	72
2	3	2	1	134	48	87	27
2	3	3	1	132	72	126	6
2	3	4	1	106	48	189	9
2	3	5	1	56	12	276	36
2	4	1	1	98	8	123	63
2	4	2	1	112	32	146	26
2	4	3	1	106	48	189	9
2	4	4	1	80	32	252	12
2	4	5	1	34	8	335	35
2	5	1	1	64	2	194	74
2	5	2	1	66	8	229	49
2	5	3	1	56	12	276	36
2	5	4	1	34	8	335	35
2	5	5	1	0	2	406	46
2	2	2	2	112	1	72	72
2	2	3	2	120	4	101	41
2	2	4	2	104	6	154	34
2	2	5	2	64	4	231	51
2	2	6	2	0	1	332	92
2	3	2	2	120	4	101	41
2	3	3	2	126	16	132	12
2	3	4	2	108	24	187	7
2	3	5	2	66	16	266	26
2	3	6	2	0	4	369	69
2	4	2	2	104	6	154	34
2	4	3	2	108	24	187	7
2	4	4	2	92	36	240	0
2	4	5	2	56	24	313	13
2	4	6	2	0	6	406	46
2	5	2	2	64	4	231	51
2	5	3	2	66	16	266	26
2	5	4	2	56	24	313	13
2	5	5	2	34	16	372	12
2	5	6	2	0	4	443	23
2	6	2	2	0	1	332	92
2	6	3	2	0	4	369	69
2	6	4	2	0	6	406	46
2	6	5	2	0	4	443	23
2	6	6	2	0	1	480	0
