M	m	r	union_Rayleigh	row_Rayleigh	difference
32	0	1	35	35	0
32	0	2	36	36	0
32	2	1	27335/496	27335/496	0
32	2	2	7107/124	7107/124	0
32	8	1	381179/3596	381179/3596	0
32	8	2	480861/4495	480861/4495	0
32	16	1	201705/1798	201705/1798	0
32	16	2	98326/899	98326/899	0
32	30	1	1225/496	1225/496	0
32	30	2	289/124	289/124	0
32	32	1	0	0	0
32	32	2	0	0	0
48	0	1	35	35	0
48	0	2	36	36	0
48	2	1	54575/1128	54575/1128	0
48	2	2	14171/282	14171/282	0
48	12	1	453425/4324	453425/4324	0
48	12	2	114359/1081	114359/1081	0
48	24	1	31175/282	31175/282	0
48	24	2	76034/705	76034/705	0
48	46	1	1225/1128	1225/1128	0
48	46	2	289/282	289/282	0
48	48	1	0	0	0
48	48	2	0	0	0
108	0	1	35	35	0
108	0	2	36	36	0
108	2	1	236525/5778	236525/5778	0
108	2	2	122362/2889	122362/2889	0
108	26	1	152725/1498	152725/1498	0
108	26	2	4087618/39697	4087618/39697	0
108	54	1	163015/1498	163015/1498	0
108	54	2	397854/3745	397854/3745	0
108	106	1	1225/5778	1225/5778	0
108	106	2	578/2889	578/2889	0
108	108	1	0	0	0
108	108	2	0	0	0
256	0	1	35	35	0
256	0	2	36	36	0
256	2	1	244811/6528	244811/6528	0
256	2	2	315667/8160	315667/8160	0
256	64	1	225182315/2184908	225182315/2184908	0
256	64	2	25801999/248285	25801999/248285	0
256	128	1	2788373/25806	2788373/25806	0
256	128	2	123770/1173	123770/1173	0
256	254	1	245/6528	245/6528	0
256	254	2	17/480	17/480	0
256	256	1	0	0	0
256	256	2	0	0	0
