side	word_index	charges_encoded	B_occupied	exact_response_in_K	second_differences	primitive_paths	resolved_loss_diagonal	coherent_loss_diagonal	flows(winding_multiple,D,electric_squared_norm)
2	0	-++-++++	4	0	18	0	0	0	[[-2,0,20],[0,0,4],[3,0,40]]
2	1	-++++-++	4	0	18	0	0	0	[[-2,0,24],[0,0,8],[3,0,44]]
2	2	-+++++-+	4	0	18	0	0	0	[[-2,0,44],[0,0,12],[3,0,24]]
2	3	--++++++	4	0	18	0	0	0	[[-2,0,20],[0,0,4],[3,0,40]]
2	4	-00+++++	2	24	18	8	8	8	[[-2,12,24],[0,0,4],[3,12,34]]
2	5	-0++0+++	2	24	18	8	8	8	[[-2,4,16],[0,0,4],[3,24,46]]
2	6	-0+++++0	2	24	18	8	8	8	[[-2,0,18],[0,0,2],[3,0,38]]
2	7	-+-+++++	4	0	18	0	0	0	[[-2,0,32],[0,0,8],[3,0,32]]
2	8	-+0+0+++	2	24	18	8	8	8	[[-2,16,22],[0,0,6],[3,36,42]]
2	9	-+0++++0	2	24	18	8	8	8	[[-2,12,22],[0,0,2],[3,12,32]]
2	10	-+++-+++	4	0	18	0	0	0	[[-2,0,16],[0,0,8],[3,0,56]]
2	11	-+++0++0	2	24	18	8	8	8	[[-2,4,14],[0,0,2],[3,24,44]]
2	12	-++++++-	4	0	18	0	0	0	[[-2,0,20],[0,0,4],[3,0,40]]
2	13	+++-+-++	4	0	18	0	0	0	[[-2,0,28],[0,0,12],[3,0,48]]
2	14	+++-++-+	4	0	18	0	0	0	[[-2,0,40],[0,0,8],[3,0,20]]
2	15	+-+-++++	4	0	18	0	0	0	[[-2,0,24],[0,0,8],[3,0,44]]
2	16	+00-++++	2	24	18	8	8	8	[[-2,8,24],[0,0,4],[3,18,34]]
2	17	+0+-0+++	2	24	18	8	8	8	[[-2,8,16],[0,0,4],[3,18,46]]
2	18	+0+-+++0	2	24	18	8	8	8	[[-2,4,26],[0,4,10],[3,4,46]]
2	19	++--++++	4	0	18	0	0	0	[[-2,0,28],[0,0,4],[3,0,28]]
2	20	++0-0+++	2	24	18	8	8	8	[[-2,16,18],[0,0,2],[3,36,38]]
2	21	++0-+++0	2	24	18	8	8	8	[[-2,8,26],[0,0,6],[3,18,36]]
2	22	+++--+++	4	0	18	0	0	0	[[-2,0,12],[0,0,4],[3,0,52]]
2	23	+++-0++0	2	24	18	8	8	8	[[-2,8,18],[0,0,6],[3,18,48]]
2	24	+++-+++-	4	0	18	0	0	0	[[-2,0,32],[0,0,16],[3,0,52]]
2	25	+++++--+	4	0	18	0	0	0	[[-2,0,44],[0,0,12],[3,0,24]]
2	26	+-+++-++	4	0	18	0	0	0	[[-2,0,28],[0,0,12],[3,0,48]]
2	27	+00++-++	2	24	18	8	8	8	[[-2,10,28],[0,2,8],[3,20,38]]
2	28	+0++0-++	2	24	18	8	8	8	[[-2,10,20],[0,2,8],[3,20,50]]
2	29	+0+++-+0	2	24	18	8	8	8	[[-2,4,26],[0,4,10],[3,4,46]]
2	30	++-++-++	4	0	18	0	0	0	[[-2,0,32],[0,0,8],[3,0,32]]
2	31	++0+0-++	2	24	18	8	8	8	[[-2,16,22],[0,0,6],[3,36,42]]
2	32	++0++-+0	2	24	18	8	8	8	[[-2,8,26],[0,0,6],[3,18,36]]
2	33	++++--++	4	0	18	0	0	0	[[-2,0,16],[0,0,8],[3,0,56]]
2	34	++++0-+0	2	24	18	8	8	8	[[-2,8,18],[0,0,6],[3,18,48]]
2	35	+++++-+-	4	0	18	0	0	0	[[-2,0,28],[0,0,12],[3,0,48]]
2	36	+-++++-+	4	0	18	0	0	0	[[-2,0,40],[0,0,8],[3,0,20]]
2	37	+00+++-+	2	24	18	8	8	8	[[-2,26,48],[0,6,12],[3,6,18]]
2	38	+0++0+-+	2	24	18	8	8	8	[[-2,14,36],[0,2,8],[3,14,26]]
2	39	+0++++-0	2	24	18	8	8	8	[[-2,0,38],[0,0,6],[3,0,18]]
2	40	++-+++-+	4	0	18	0	0	0	[[-2,0,60],[0,0,20],[3,0,20]]
2	41	++0+0+-+	2	24	18	8	8	8	[[-2,36,46],[0,4,14],[3,16,26]]
2	42	++0+++-0	2	24	18	8	8	8	[[-2,24,46],[0,4,10],[3,4,16]]
2	43	++++-+-+	4	0	18	0	0	0	[[-2,0,36],[0,0,12],[3,0,36]]
2	44	++++0+-0	2	24	18	8	8	8	[[-2,12,34],[0,0,6],[3,12,24]]
2	45	++++++--	4	0	18	0	0	0	[[-2,0,40],[0,0,8],[3,0,20]]
2	46	+--+++++	4	0	18	0	0	0	[[-2,0,28],[0,0,4],[3,0,28]]
2	47	+-0+0+++	2	24	18	8	8	8	[[-2,16,18],[0,0,2],[3,36,38]]
2	48	+-0++++0	2	24	18	8	8	8	[[-2,8,22],[0,0,2],[3,18,32]]
2	49	+-++-+++	4	0	18	0	0	0	[[-2,0,12],[0,0,4],[3,0,52]]
2	50	+-++0++0	2	24	18	8	8	8	[[-2,8,14],[0,0,2],[3,18,44]]
2	51	+-+++++-	4	0	18	0	0	0	[[-2,0,24],[0,0,8],[3,0,44]]
2	52	+0-+0+++	2	24	18	8	8	8	[[-2,10,24],[0,2,4],[3,20,34]]
2	53	+0-++++0	2	24	18	8	8	8	[[-2,0,26],[0,0,2],[3,0,26]]
2	54	+00+-+++	2	24	18	8	8	8	[[-2,10,16],[0,2,4],[3,20,46]]
2	55	+00+0++0	0	48	18	48	48	48	[[-2,16,16],[0,0,0],[3,36,36]]
2	56	+00++++-	2	24	18	8	8	8	[[-2,10,24],[0,2,4],[3,20,34]]
2	57	+0++-++0	2	24	18	8	8	8	[[-2,0,10],[0,0,2],[3,0,50]]
2	58	+0++0++-	2	24	18	8	8	8	[[-2,10,16],[0,2,4],[3,20,46]]
2	59	++-+-+++	4	0	18	0	0	0	[[-2,0,24],[0,0,8],[3,0,44]]
2	60	++-+0++0	2	24	18	8	8	8	[[-2,8,22],[0,0,2],[3,18,32]]
2	61	++-++++-	4	0	18	0	0	0	[[-2,0,28],[0,0,4],[3,0,28]]
2	62	++0+-++0	2	24	18	8	8	8	[[-2,8,14],[0,0,2],[3,18,44]]
2	63	++0+0++-	2	24	18	8	8	8	[[-2,16,18],[0,0,2],[3,36,38]]
2	64	++++-++-	4	0	18	0	0	0	[[-2,0,12],[0,0,4],[3,0,52]]
4	0	+0+00+0++0+00+0+0+0++0+00+0++0+0+0+00+0++0+00+0+0+0++0+00+0++0+0	0	1536	576	1920	1920	1920	[[-2,16,16],[0,0,0],[3,36,36]]
4	1	-+++0+0++0+00+0+0+0++0+00+0++0+0+0+00+0++0+00+0+0+0++0+00+0++0+0	2	1440	576	1688	1688	1688	[[-2,16,18],[0,0,2],[3,36,38]]
4	2	-+-++++++0+00+0+0+0++0+00+0++0+0+0+00+0++0+00+0+0+0++0+00+0++0+0	4	1344	576	1488	1488	1488	[[-2,16,20],[0,0,4],[3,36,40]]
4	3	-+-++-+--+-++-+-+++++++++++++++++0+00+0++0+00+0+0+0++0+00+0++0+0	16	768	576	640	640	640	[[-2,12,36],[0,0,16],[3,12,46]]
4	4	-+-++-+--+-++-+-+-+--+-++-+--+-+++++++++++++++++++++++++++++++++	32	0	576	0	0	0	[[-2,0,48],[0,0,32],[3,0,68]]
6	0	+0+0+00+0+0++0+0+00+0+0++0+0+00+0+0+0+0+0++0+0+00+0+0++0+0+00+0+0++0+0+0+0+0+00+0+0++0+0+00+0+0++0+0+00+0+0+0+0+0++0+0+00+0+0++0+0+00+0+0++0+0+0+0+0+00+0+0++0+0+00+0+0++0+0+00+0+0+0+0+0++0+0+00+0+0++0+0+00+0+0++0+0+0	0	5184	1944	6480	6480	6480	[[-2,24,24],[0,0,0],[3,54,54]]
6	1	-++++00+0+0++0+0+00+0+0++0+0+00+0+0+0+0+0++0+0+00+0+0++0+0+00+0+0++0+0+0+0+0+00+0+0++0+0+00+0+0++0+0+00+0+0+0+0+0++0+0+00+0+0++0+0+00+0+0++0+0+0+0+0+00+0+0++0+0+00+0+0++0+0+00+0+0+0+0+0++0+0+00+0+0++0+0+00+0+0++0+0+0	2	5088	1944	6244	6244	6244	[[-2,24,30],[0,0,6],[3,54,60]]
6	2	-+-+++++0+0++0+0+00+0+0++0+0+00+0+0+0+0+0++0+0+00+0+0++0+0+00+0+0++0+0+0+0+0+00+0+0++0+0+00+0+0++0+0+00+0+0+0+0+0++0+0+00+0+0++0+0+00+0+0++0+0+0+0+0+00+0+0++0+0+00+0+0++0+0+00+0+0+0+0+0++0+0+00+0+0++0+0+00+0+0++0+0+0	4	4992	1944	6028	6028	6028	[[-2,24,28],[0,0,4],[3,54,58]]
6	3	-+-+-++-+-+--+-+-++-+-+--+-+-++-+-+-+-+-+--+-+-++-+-+-++++++++++++++++++++++++++++++++++++++++++++++++++++++0+0+0++0+0+00+0+0++0+0+00+0+0++0+0+0+0+0+00+0+0++0+0+00+0+0++0+0+00+0+0+0+0+0++0+0+00+0+0++0+0+00+0+0++0+0+0	54	2592	1944	2520	2520	2520	[[-2,20,142],[0,0,114],[3,30,162]]
6	4	-+-+-++-+-+--+-+-++-+-+--+-+-++-+-+-+-+-+--+-+-++-+-+--+-+-++-+-+--+-+-+-+-+-++-+-+--+-+-++-+-+--+-+-++-+-+-++++++++++++++++++++++++++++++++++++++++++++++++++++++++++++++++++++++++++++++++++++++++++++++++++++++++++++	108	0	1944	0	0	0	[[-2,0,164],[0,0,144],[3,0,204]]
