r	t	sa	sc	occupied	vacant	row	multiplicity	inc_per_occupied	row_per_vacant
1	0	0	0	0	11	35	1	None	35/11
1	0	0	1	1	10	63	5	28	63/10
1	0	0	2	2	9	79	10	22	79/9
1	0	0	3	3	8	83	10	16	83/8
1	0	0	4	4	7	75	5	10	75/7
1	0	0	5	5	6	55	1	4	55/6
1	0	1	0	1	10	63	5	28	63/10
1	0	1	1	2	9	104	25	69/2	104/9
1	0	1	2	3	8	125	50	30	125/8
1	0	1	3	4	7	126	50	91/4	18
1	0	1	4	5	6	107	25	72/5	107/6
1	0	1	5	6	5	68	5	11/2	68/5
1	0	2	0	2	9	79	10	22	79/9
1	0	2	1	3	8	125	50	30	125/8
1	0	2	2	4	7	147	100	28	21
1	0	2	3	5	6	145	100	22	145/6
1	0	2	4	6	5	119	50	14	119/5
1	0	2	5	7	4	69	10	34/7	69/4
1	0	3	0	3	8	83	10	16	83/8
1	0	3	1	4	7	126	50	91/4	18
1	0	3	2	5	6	145	100	22	145/6
1	0	3	3	6	5	140	100	35/2	28
1	0	3	4	7	4	111	50	76/7	111/4
1	0	3	5	8	3	58	10	23/8	58/3
1	0	4	0	4	7	75	5	10	75/7
1	0	4	1	5	6	107	25	72/5	107/6
1	0	4	2	6	5	119	50	14	119/5
1	0	4	3	7	4	111	50	76/7	111/4
1	0	4	4	8	3	83	25	6	83/3
1	0	4	5	9	2	35	5	0	35/2
1	0	5	0	5	6	55	1	4	55/6
1	0	5	1	6	5	68	5	11/2	68/5
1	0	5	2	7	4	69	10	34/7	69/4
1	0	5	3	8	3	58	10	23/8	58/3
1	0	5	4	9	2	35	5	0	35/2
1	0	5	5	10	1	0	1	-7/2	0
1	1	1	1	1	10	75	1	40	15/2
1	1	1	2	2	9	100	5	65/2	100/9
1	1	1	3	3	8	105	10	70/3	105/8
1	1	1	4	4	7	90	10	55/4	90/7
1	1	1	5	5	6	55	5	4	55/6
1	1	1	6	6	5	0	1	-35/6	0
1	1	2	1	2	9	100	5	65/2	100/9
1	1	2	2	3	8	128	25	31	16
1	1	2	3	4	7	132	50	97/4	132/7
1	1	2	4	5	6	112	50	77/5	56/3
1	1	2	5	6	5	68	25	11/2	68/5
1	1	2	6	7	4	0	5	-5	0
1	1	3	1	3	8	105	10	70/3	105/8
1	1	3	2	4	7	132	50	97/4	132/7
1	1	3	3	5	6	135	100	20	45/2
1	1	3	4	6	5	114	100	79/6	114/5
1	1	3	5	7	4	69	50	34/7	69/4
1	1	3	6	8	3	0	10	-35/8	0
1	1	4	1	4	7	90	10	55/4	90/7
1	1	4	2	5	6	112	50	77/5	56/3
1	1	4	3	6	5	114	100	79/6	114/5
1	1	4	4	7	4	96	100	61/7	24
1	1	4	5	8	3	58	50	23/8	58/3
1	1	4	6	9	2	0	10	-35/9	0
1	1	5	1	5	6	55	5	4	55/6
1	1	5	2	6	5	68	25	11/2	68/5
1	1	5	3	7	4	69	50	34/7	69/4
1	1	5	4	8	3	58	50	23/8	58/3
1	1	5	5	9	2	35	25	0	35/2
1	1	5	6	10	1	0	5	-7/2	0
1	1	6	1	6	5	0	1	-35/6	0
1	1	6	2	7	4	0	5	-5	0
1	1	6	3	8	3	0	10	-35/8	0
1	1	6	4	9	2	0	10	-35/9	0
1	1	6	5	10	1	0	5	-7/2	0
1	1	6	6	11	0	0	1	-35/11	None
