[
  {
    "flow": [],
    "coefficient": -6
  },
  {
    "flow": [
      [
        [
          0,
          0,
          0
        ],
        [
          0,
          1,
          0
        ],
        -1
      ],
      [
        [
          0,
          0,
          0
        ],
        [
          0,
          5,
          0
        ],
        1
      ],
      [
        [
          0,
          2,
          0
        ],
        [
          0,
          1,
          0
        ],
        1
      ],
      [
        [
          0,
          2,
          0
        ],
        [
          0,
          3,
          0
        ],
        -1
      ],
      [
        [
          0,
          4,
          0
        ],
        [
          0,
          3,
          0
        ],
        1
      ],
      [
        [
          0,
          4,
          0
        ],
        [
          0,
          5,
          0
        ],
        -1
      ]
    ],
    "coefficient": 1
  },
  {
    "flow": [
      [
        [
          0,
          0,
          0
        ],
        [
          0,
          1,
          0
        ],
        -1
      ],
      [
        [
          0,
          0,
          0
        ],
        [
          1,
          0,
          0
        ],
        1
      ],
      [
        [
          1,
          1,
          0
        ],
        [
          0,
          1,
          0
        ],
        1
      ],
      [
        [
          1,
          1,
          0
        ],
        [
          1,
          0,
          0
        ],
        -1
      ]
    ],
    "coefficient": 3
  },
  {
    "flow": [
      [
        [
          0,
          0,
          0
        ],
        [
          0,
          1,
          0
        ],
        1
      ],
      [
        [
          0,
          0,
          0
        ],
        [
          0,
          5,
          0
        ],
        -1
      ],
      [
        [
          0,
          2,
          0
        ],
        [
          0,
          1,
          0
        ],
        -1
      ],
      [
        [
          0,
          2,
          0
        ],
        [
          0,
          3,
          0
        ],
        1
      ],
      [
        [
          0,
          4,
          0
        ],
        [
          0,
          3,
          0
        ],
        -1
      ],
      [
        [
          0,
          4,
          0
        ],
        [
          0,
          5,
          0
        ],
        1
      ]
    ],
    "coefficient": 1
  },
  {
    "flow": [
      [
        [
          0,
          0,
          0
        ],
        [
          0,
          1,
          0
        ],
        1
      ],
      [
        [
          0,
          0,
          0
        ],
        [
          1,
          0,
          0
        ],
        -1
      ],
      [
        [
          1,
          1,
          0
        ],
        [
          0,
          1,
          0
        ],
        -1
      ],
      [
        [
          1,
          1,
          0
        ],
        [
          1,
          0,
          0
        ],
        1
      ]
    ],
    "coefficient": 3
  },
  {
    "flow": [
      [
        [
          0,
          0,
          0
        ],
        [
          0,
          5,
          0
        ],
        -1
      ],
      [
        [
          0,
          0,
          0
        ],
        [
          1,
          0,
          0
        ],
        1
      ],
      [
        [
          0,
          2,
          0
        ],
        [
          0,
          1,
          0
        ],
        -1
      ],
      [
        [
          0,
          2,
          0
        ],
        [
          0,
          3,
          0
        ],
        1
      ],
      [
        [
          0,
          4,
          0
        ],
        [
          0,
          3,
          0
        ],
        -1
      ],
      [
        [
          0,
          4,
          0
        ],
        [
          0,
          5,
          0
        ],
        1
      ],
      [
        [
          1,
          1,
          0
        ],
        [
          0,
          1,
          0
        ],
        1
      ],
      [
        [
          1,
          1,
          0
        ],
        [
          1,
          0,
          0
        ],
        -1
      ]
    ],
    "coefficient": -1
  },
  {
    "flow": [
      [
        [
          0,
          0,
          0
        ],
        [
          0,
          5,
          0
        ],
        1
      ],
      [
        [
          0,
          0,
          0
        ],
        [
          1,
          0,
          0
        ],
        -1
      ],
      [
        [
          0,
          2,
          0
        ],
        [
          0,
          1,
          0
        ],
        1
      ],
      [
        [
          0,
          2,
          0
        ],
        [
          0,
          3,
          0
        ],
        -1
      ],
      [
        [
          0,
          4,
          0
        ],
        [
          0,
          3,
          0
        ],
        1
      ],
      [
        [
          0,
          4,
          0
        ],
        [
          0,
          5,
          0
        ],
        -1
      ],
      [
        [
          1,
          1,
          0
        ],
        [
          0,
          1,
          0
        ],
        -1
      ],
      [
        [
          1,
          1,
          0
        ],
        [
          1,
          0,
          0
        ],
        1
      ]
    ],
    "coefficient": -1
  }
]
