graph	q	E	number	D	H4_output_words	H4_diagonal	canonical_equals_local	dropping_finite_spin_correction_is_wrong
"square"	[-1,1,1,1]	[-1,-1,0,0]	4	"0"	0	"0"	true	false
"square"	[1,-1,1,1]	[0,0,-1,-1]	4	"0"	0	"0"	true	false
"square"	[1,1,-1,1]	[0,0,1,-1]	4	"0"	0	"0"	true	false
"square"	[1,1,-1,1]	[1,-1,0,0]	4	"0"	0	"0"	true	false
"square"	[1,1,0,0]	[0,0,0,0]	2	"0"	3	"-4"	true	false
"square"	[1,1,1,-1]	[-1,1,0,0]	4	"0"	0	"0"	true	false
"square"	[1,1,1,-1]	[0,0,-1,1]	4	"0"	0	"0"	true	false
"three_star_tree_with_distant_pair"	[-1,1,1,1,1,0,0]	[-1,-1,0,0,0,0]	5	"0"	3	"-2"	true	false
"three_star_tree_with_distant_pair"	[1,-1,1,0,1,1,0]	[0,0,-1,-1,0,0]	5	"0"	0	"0"	true	false
"three_star_tree_with_distant_pair"	[1,1,-1,0,0,1,1]	[0,0,0,0,-1,-1]	5	"0"	3	"-2"	true	false
"three_star_tree_with_distant_pair"	[1,1,1,-1,1,0,0]	[1,-1,0,0,0,0]	5	"0"	3	"-2"	true	true
"three_star_tree_with_distant_pair"	[1,1,1,0,-1,1,0]	[0,0,1,-1,0,0]	5	"0"	1	"0"	true	true
"three_star_tree_with_distant_pair"	[1,1,1,0,0,-1,1]	[0,0,0,0,1,-1]	5	"0"	3	"-2"	true	false
"three_star_tree_with_distant_pair"	[1,1,1,0,0,0,0]	[0,0,0,0,0,0]	3	"0"	1	"-12"	true	false
"three_star_tree_with_distant_pair"	[1,1,1,0,0,1,-1]	[0,0,0,0,-1,1]	5	"0"	3	"-2"	true	true
"three_star_tree_with_distant_pair"	[1,1,1,0,1,-1,0]	[0,0,-1,1,0,0]	5	"0"	1	"0"	true	true
"three_star_tree_with_distant_pair"	[1,1,1,1,-1,0,0]	[-1,1,0,0,0,0]	5	"0"	3	"-2"	true	false
"K3_3"	[-1,1,1,0,1,1]	[0,-1,-1,0,0,0,0,0,0]	5	"0"	0	"0"	true	false
"K3_3"	[-1,1,1,1,0,1]	[-1,0,-1,0,0,0,0,0,0]	5	"0"	0	"0"	true	false
"K3_3"	[-1,1,1,1,1,0]	[-1,-1,0,0,0,0,0,0,0]	5	"0"	0	"0"	true	false
"K3_3"	[1,-1,1,0,1,1]	[0,0,0,0,-1,-1,0,0,0]	5	"0"	0	"0"	true	false
"K3_3"	[1,-1,1,1,0,1]	[0,0,0,-1,0,-1,0,0,0]	5	"0"	0	"0"	true	false
"K3_3"	[1,-1,1,1,1,0]	[0,0,0,-1,-1,0,0,0,0]	5	"0"	0	"0"	true	false
"K3_3"	[1,1,-1,0,1,1]	[0,0,0,0,0,0,0,-1,-1]	5	"0"	0	"0"	true	false
"K3_3"	[1,1,-1,1,0,1]	[0,0,0,0,0,0,-1,0,-1]	5	"0"	0	"0"	true	false
"K3_3"	[1,1,-1,1,1,0]	[0,0,0,0,0,0,-1,-1,0]	5	"0"	0	"0"	true	false
"K3_3"	[1,1,1,-1,0,1]	[0,0,0,0,0,0,1,0,-1]	5	"0"	2	"0"	true	true
"K3_3"	[1,1,1,-1,0,1]	[0,0,0,1,0,-1,0,0,0]	5	"0"	2	"0"	true	true
"K3_3"	[1,1,1,-1,0,1]	[1,0,-1,0,0,0,0,0,0]	5	"0"	2	"0"	true	true
"K3_3"	[1,1,1,-1,1,0]	[0,0,0,0,0,0,1,-1,0]	5	"0"	2	"0"	true	true
"K3_3"	[1,1,1,-1,1,0]	[0,0,0,1,-1,0,0,0,0]	5	"0"	2	"0"	true	true
"K3_3"	[1,1,1,-1,1,0]	[1,-1,0,0,0,0,0,0,0]	5	"0"	2	"0"	true	true
"K3_3"	[1,1,1,0,-1,1]	[0,0,0,0,0,0,0,1,-1]	5	"0"	2	"0"	true	true
"K3_3"	[1,1,1,0,-1,1]	[0,0,0,0,1,-1,0,0,0]	5	"0"	2	"0"	true	true
"K3_3"	[1,1,1,0,-1,1]	[0,1,-1,0,0,0,0,0,0]	5	"0"	2	"0"	true	true
"K3_3"	[1,1,1,0,0,0]	[0,0,0,0,0,0,0,0,0]	3	"0"	19	"-36"	true	false
"K3_3"	[1,1,1,0,1,-1]	[0,-1,1,0,0,0,0,0,0]	5	"0"	2	"0"	true	true
"K3_3"	[1,1,1,0,1,-1]	[0,0,0,0,-1,1,0,0,0]	5	"0"	2	"0"	true	true
"K3_3"	[1,1,1,0,1,-1]	[0,0,0,0,0,0,0,-1,1]	5	"0"	2	"0"	true	true
"K3_3"	[1,1,1,1,-1,0]	[-1,1,0,0,0,0,0,0,0]	5	"0"	2	"0"	true	true
"K3_3"	[1,1,1,1,-1,0]	[0,0,0,-1,1,0,0,0,0]	5	"0"	2	"0"	true	true
"K3_3"	[1,1,1,1,-1,0]	[0,0,0,0,0,0,-1,1,0]	5	"0"	2	"0"	true	true
"K3_3"	[1,1,1,1,0,-1]	[-1,0,1,0,0,0,0,0,0]	5	"0"	2	"0"	true	true
"K3_3"	[1,1,1,1,0,-1]	[0,0,0,-1,0,1,0,0,0]	5	"0"	2	"0"	true	true
"K3_3"	[1,1,1,1,0,-1]	[0,0,0,0,0,0,-1,0,1]	5	"0"	2	"0"	true	true
