r	t	sa	sc	occupied	vacant	row	multiplicity	inc_per_occupied	row_per_vacant
2	0	0	0	0	10	36	1	None	18/5
2	0	0	1	1	9	68	4	32	68/9
2	0	0	2	2	8	88	6	26	11
2	0	0	3	3	7	96	4	20	96/7
2	0	0	4	4	6	92	1	14	46/3
2	0	1	0	1	9	68	4	32	68/9
2	0	1	1	2	8	110	16	37	55/4
2	0	1	2	3	7	132	24	32	132/7
2	0	1	3	4	6	134	16	49/2	67/3
2	0	1	4	5	5	116	4	16	116/5
2	0	2	0	2	8	88	6	26	11
2	0	2	1	3	7	132	24	32	132/7
2	0	2	2	4	6	152	36	29	76/3
2	0	2	3	5	5	148	24	112/5	148/5
2	0	2	4	6	4	120	6	14	30
2	0	3	0	3	7	96	4	20	96/7
2	0	3	1	4	6	134	16	49/2	67/3
2	0	3	2	5	5	148	24	112/5	148/5
2	0	3	3	6	4	138	16	17	69/2
2	0	3	4	7	3	104	4	68/7	104/3
2	0	4	0	4	6	92	1	14	46/3
2	0	4	1	5	5	116	4	16	116/5
2	0	4	2	6	4	120	6	14	30
2	0	4	3	7	3	104	4	68/7	104/3
2	0	4	4	8	2	68	1	4	34
2	1	1	1	1	9	80	2	44	80/9
2	1	1	2	2	8	106	8	35	53/4
2	1	1	3	3	7	112	12	76/3	16
2	1	1	4	4	6	98	8	31/2	49/3
2	1	1	5	5	5	64	2	28/5	64/5
2	1	2	1	2	8	106	8	35	53/4
2	1	2	2	3	7	132	32	32	132/7
2	1	2	3	4	6	134	48	49/2	67/3
2	1	2	4	5	5	112	32	76/5	112/5
2	1	2	5	6	4	66	8	5	33/2
2	1	3	1	3	7	112	12	76/3	16
2	1	3	2	4	6	134	48	49/2	67/3
2	1	3	3	5	5	132	72	96/5	132/5
2	1	3	4	6	4	106	48	35/3	53/2
2	1	3	5	7	3	56	12	20/7	56/3
2	1	4	1	4	6	98	8	31/2	49/3
2	1	4	2	5	5	112	32	76/5	112/5
2	1	4	3	6	4	106	48	35/3	53/2
2	1	4	4	7	3	80	32	44/7	80/3
2	1	4	5	8	2	34	8	-1/4	17
2	1	5	1	5	5	64	2	28/5	64/5
2	1	5	2	6	4	66	8	5	33/2
2	1	5	3	7	3	56	12	20/7	56/3
2	1	5	4	8	2	34	8	-1/4	17
2	1	5	5	9	1	0	2	-4	0
2	2	2	2	2	8	112	1	38	14
2	2	2	3	3	7	120	4	28	120/7
2	2	2	4	4	6	104	6	17	52/3
2	2	2	5	5	5	64	4	28/5	64/5
2	2	2	6	6	4	0	1	-6	0
2	2	3	2	3	7	120	4	28	120/7
2	2	3	3	4	6	126	16	45/2	21
2	2	3	4	5	5	108	24	72/5	108/5
2	2	3	5	6	4	66	16	5	33/2
2	2	3	6	7	3	0	4	-36/7	0
2	2	4	2	4	6	104	6	17	52/3
2	2	4	3	5	5	108	24	72/5	108/5
2	2	4	4	6	4	92	36	28/3	23
2	2	4	5	7	3	56	24	20/7	56/3
2	2	4	6	8	2	0	6	-9/2	0
2	2	5	2	5	5	64	4	28/5	64/5
2	2	5	3	6	4	66	16	5	33/2
2	2	5	4	7	3	56	24	20/7	56/3
2	2	5	5	8	2	34	16	-1/4	17
2	2	5	6	9	1	0	4	-4	0
2	2	6	2	6	4	0	1	-6	0
2	2	6	3	7	3	0	4	-36/7	0
2	2	6	4	8	2	0	6	-9/2	0
2	2	6	5	9	1	0	4	-4	0
2	2	6	6	10	0	0	1	-18/5	None
