      [Bloch] chunk 2441/262144 in 1.89s -> est 203s
# T32 L=64 amp=0.06 nk=1 improved  k^2=0.009638  (flat pass 209s)
  pol      s   s k^2   A/Apred   B/Bpred   part r  corr12     res/y   res/Bx2
   TT    4.0   0.039    0.9896    2.1878   0.3950  0.9971 2.485e-03 1.771e-01
   TT    6.0   0.058    0.9931    1.6604   0.6127  0.9971 1.560e-03 9.821e-02
   TT    8.0   0.077    0.9940    1.4658   0.7627  0.9971 1.203e-03 6.456e-02
   TT   10.0   0.096    0.9940    1.3829   0.8505  0.9971 1.031e-03 4.709e-02
   TT   12.0   0.116    0.9935    1.3463   0.8988  0.9971 9.469e-04 3.713e-02
   TT   16.0   0.154    0.9917    1.3294   0.9410  0.9971 9.138e-04 2.739e-02
   TT   20.0   0.193    0.9890    1.3414   0.9552  0.9971 9.864e-04 2.358e-02
   TT   25.0   0.241    0.9848    1.3693   0.9604  0.9971 1.170e-03 2.208e-02
   TT   32.0   0.308    0.9778    1.4134   0.9599  0.9971 1.540e-03 2.223e-02
   TT   40.0   0.386    0.9686    1.4601   0.9561  0.9971 2.064e-03 2.333e-02
 conf    4.0   0.039    1.2210    1.0998   0.2039  0.8647 2.406e-02 2.412e+00
 conf    6.0   0.058    1.1397    1.1082   0.4233  0.8647 1.728e-02 1.075e+00
 conf    8.0   0.077    1.1024    1.1062   0.6359  0.8647 1.341e-02 6.097e-01
 conf   10.0   0.096    1.0809    1.1059   0.7890  0.8647 1.091e-02 3.912e-01
 conf   12.0   0.116    1.0670    1.1078   0.8801  0.8647 9.159e-03 2.711e-01
 conf   16.0   0.154    1.0499    1.1160   0.9579  0.8647 6.871e-03 1.506e-01
 conf   20.0   0.193    1.0398    1.1273   0.9827  0.8647 5.455e-03 9.479e-02
 conf   25.0   0.241    1.0318    1.1437   0.9930  0.8647 4.339e-03 5.983e-02
 conf   32.0   0.308    1.0248    1.1684   0.9972  0.8647 3.503e-03 3.743e-02
 conf   40.0   0.386    1.0198    1.1974   0.9985  0.8647 3.202e-03 2.722e-02
  V0a    4.0   0.039    1.0524    9.8440   0.7390  0.5760 7.285e-02 7.452e-01
  V0a    6.0   0.058    1.0338    4.7584   0.7823  0.5760 4.781e-02 6.509e-01
  V0a    8.0   0.077    1.0249    3.1024   0.8288  0.5760 3.576e-02 5.518e-01
  V0a   10.0   0.096    1.0196    2.3631   0.8707  0.5760 2.870e-02 4.618e-01
  V0a   12.0   0.116    1.0161    1.9716   0.9043  0.5760 2.410e-02 3.860e-01
  V0a   16.0   0.154    1.0116    1.5950   0.9475  0.5760 1.859e-02 2.758e-01
  V0a   20.0   0.193    1.0087    1.4307   0.9695  0.5760 1.559e-02 2.067e-01
  V0a   25.0   0.241    1.0061    1.3356   0.9824  0.5760 1.360e-02 1.553e-01
  V0a   32.0   0.308    1.0033    1.2834   0.9897  0.5760 1.257e-02 1.180e-01
  V0a   40.0   0.386    1.0004    1.2691   0.9928  0.5760 1.283e-02 9.874e-02
