# flat pass 6s
# T14 L=32 amp=0.03 improved m=0
  pol  nk   tau0  tau0k2     A/Ap     B/Bp   part r  corr12     res/y   res/Bx2
 conf   1   2.70   0.104   1.2255   1.2733  -0.8115  0.8645 2.153e-02 3.619e-01
 conf   1   3.00   0.116   1.1987   1.2655  -0.8622  0.8645 1.970e-02 2.952e-01
 conf   1   4.00   0.154   1.1423   1.2541  -0.9485  0.8645 1.518e-02 1.678e-01
 conf   1   6.00   0.231   1.0886   1.2548  -0.9894  0.8645 1.005e-02 7.383e-02
 conf   1   8.00   0.308   1.0604   1.2607  -0.9967  0.8645 7.276e-03 4.064e-02
 conf   1  12.00   0.463   1.0251   1.2656  -0.9994  0.8645 4.487e-03 1.756e-02
 tran   1   2.70   0.104   0.9876   2.9034  -0.7547  0.7050 8.009e-02 6.165e-01
 tran   1   3.00   0.116   0.9873   2.5535  -0.7816  0.7050 7.208e-02 5.660e-01
 tran   1   4.00   0.154   0.9833   1.9435  -0.8515  0.7050 5.663e-02 4.368e-01
 tran   1   6.00   0.231   0.9690   1.5480  -0.9177  0.7050 4.728e-02 3.070e-01
 tran   1   8.00   0.308   0.9495   1.4222  -0.9383  0.7050 4.883e-02 2.614e-01
 tran   1  12.00   0.463   0.8985   1.3357  -0.9425  0.7050 6.506e-02 2.515e-01
   TT   1   2.70   0.104   0.9749   1.5068  -0.8147  0.9993 1.377e-03 2.708e-02
   TT   1   3.00   0.116   0.9732   1.4956  -0.8535  0.9993 1.298e-03 2.323e-02
   TT   1   4.00   0.154   0.9653   1.4572  -0.8816  0.9993 1.465e-03 2.037e-02
   TT   1   6.00   0.231   0.9436   1.4076  -0.8951  0.9993 1.954e-03 1.896e-02
   TT   1   8.00   0.308   0.9171   1.3687  -0.8996  0.9993 2.455e-03 1.847e-02
   TT   1  12.00   0.463   0.8548   1.2849  -0.8875  0.9993 3.716e-03 1.976e-02
# total 24s
