dim=3 (event lattice Z^4) menu=axes6w:4:1:3 beta=0.0 L=32 T=3000 T0=1500 seed=1; predecessors n=7; sigma^2=nan
memory table: level, |m|, m.e0
         1  0.6527  +0.6527
         2  0.5308  +0.5308
         3  0.4686  +0.4685
         4  0.4292  +0.4292
         5  0.3997  +0.3997
         7  0.3546  +0.3545
        10  0.3144  +0.3142
        14  0.2792  +0.2791
        20  0.2237  +0.2235
        28  0.1920  +0.1914
        39  0.1427  +0.1426
        55  0.1033  +0.1032
        76  0.0628  +0.0622
       107  0.0302  +0.0270
       149  0.0223  +0.0164
       208  0.0219  +0.0185
       290  0.0205  +0.0079
       405  0.0148  +0.0142
       566  0.0347  +0.0078
       790  0.0235  -0.0135
      1103  0.0167  +0.0028
      1539  0.0110  +0.0062
      2149  0.0368  -0.0265
      3000  0.0342  +0.0142
SUMMARY: dim=3 menu=axes6w:4:1:3 beta=0.0 L=32 T=3000 plateau_|m|=0.0253 lowk_ratio=nan seconds=19
