dim=2 (event lattice Z^3) menu=axes6w:2:1:2 beta=0.0 L=128 T=3000 T0=1500 seed=1; predecessors n=5; sigma^2=nan
memory table: level, |m|, m.e0
         1  0.1886  +0.1885
         2  0.1040  +0.1039
         3  0.0426  +0.0419
         4  0.0235  +0.0205
         5  0.0077  +0.0018
         7  0.0107  -0.0048
        10  0.0026  +0.0004
        14  0.0073  -0.0022
        20  0.0070  -0.0017
        28  0.0104  -0.0052
        39  0.0090  +0.0010
        55  0.0091  +0.0010
        76  0.0065  -0.0060
       107  0.0081  -0.0048
       149  0.0123  -0.0013
       208  0.0070  -0.0035
       290  0.0094  +0.0090
       405  0.0153  +0.0063
       566  0.0059  -0.0034
       790  0.0039  -0.0021
      1103  0.0117  +0.0093
      1539  0.0086  -0.0067
      2149  0.0036  -0.0018
      3000  0.0051  +0.0043
SUMMARY: dim=2 menu=axes6w:2:1:2 beta=0.0 L=128 T=3000 plateau_|m|=0.0077 lowk_ratio=nan seconds=8
