dim=2 (event lattice Z^3) menu=axes6w:5:1:2 beta=0.0 L=128 T=3000 T0=1500 seed=1; predecessors n=3; sigma^2=nan
memory table: level, |m|, m.e0
         1  0.7838  +0.7838
         2  0.6205  +0.6205
         3  0.4721  +0.4721
         4  0.3554  +0.3554
         5  0.2618  +0.2617
         7  0.1404  +0.1403
        10  0.0514  +0.0508
        14  0.0164  +0.0157
        20  0.0079  -0.0018
        28  0.0132  -0.0026
        39  0.0111  -0.0076
        55  0.0144  +0.0052
        76  0.0145  -0.0124
       107  0.0138  +0.0115
       149  0.0121  -0.0088
       208  0.0083  -0.0003
       290  0.0094  +0.0089
       405  0.0175  +0.0053
       566  0.0059  +0.0037
       790  0.0129  +0.0042
      1103  0.0155  +0.0154
      1539  0.0121  -0.0107
      2149  0.0037  +0.0035
      3000  0.0064  +0.0038
SUMMARY: dim=2 menu=axes6w:5:1:2 beta=0.0 L=128 T=3000 plateau_|m|=0.0096 lowk_ratio=nan seconds=8
