dim=3 (event lattice Z^4) menu=axes6w:8:1:3 beta=0.0 L=32 T=3000 T0=1500 seed=1; predecessors n=4; sigma^2=nan
memory table: level, |m|, m.e0
         1  0.9271  +0.9271
         2  0.8827  +0.8827
         3  0.8491  +0.8491
         4  0.8224  +0.8224
         5  0.7953  +0.7953
         7  0.7599  +0.7599
        10  0.7255  +0.7254
        14  0.6941  +0.6941
        20  0.6547  +0.6547
        28  0.6129  +0.6129
        39  0.5718  +0.5718
        55  0.5294  +0.5294
        76  0.4820  +0.4819
       107  0.4065  +0.4062
       149  0.3319  +0.3318
       208  0.2201  +0.2200
       290  0.1043  +0.1040
       405  0.0381  +0.0371
       566  0.0180  -0.0121
       790  0.0200  +0.0096
      1103  0.0213  +0.0117
      1539  0.0221  -0.0087
      2149  0.0186  -0.0117
      3000  0.0061  +0.0059
SUMMARY: dim=3 menu=axes6w:8:1:3 beta=0.0 L=32 T=3000 plateau_|m|=0.0294 lowk_ratio=nan seconds=28
