dim=3 (event lattice Z^4) menu=axes6w:8:2:4 beta=0.0 L=32 T=3000 T0=1500 seed=1; predecessors n=4; sigma^2=nan
memory table: level, |m|, m.e0
         1  0.7962  +0.7961
         2  0.6413  +0.6413
         3  0.5204  +0.5204
         4  0.4224  +0.4224
         5  0.3376  +0.3374
         7  0.2189  +0.2188
        10  0.1157  +0.1156
        14  0.0526  +0.0522
        20  0.0074  +0.0071
        28  0.0063  +0.0032
        39  0.0083  -0.0013
        55  0.0038  +0.0035
        76  0.0116  -0.0023
       107  0.0064  +0.0042
       149  0.0134  +0.0089
       208  0.0065  +0.0040
       290  0.0040  -0.0004
       405  0.0030  +0.0011
       566  0.0073  +0.0043
       790  0.0034  -0.0002
      1103  0.0122  +0.0027
      1539  0.0094  +0.0013
      2149  0.0022  -0.0007
      3000  0.0040  -0.0023
SUMMARY: dim=3 menu=axes6w:8:2:4 beta=0.0 L=32 T=3000 plateau_|m|=0.0078 lowk_ratio=nan seconds=16
