dim=3 (event lattice Z^4) menu=axes6w:3:1:3 beta=0.0 L=32 T=3000 T0=1500 seed=1; predecessors n=4; sigma^2=nan
memory table: level, |m|, m.e0
         1  0.1982  +0.1982
         2  0.1117  +0.1115
         3  0.0479  +0.0477
         4  0.0201  +0.0198
         5  0.0086  +0.0080
         7  0.0029  +0.0020
        10  0.0009  -0.0004
        14  0.0102  +0.0045
        20  0.0065  +0.0031
        28  0.0072  -0.0005
        39  0.0065  +0.0043
        55  0.0045  -0.0043
        76  0.0074  -0.0063
       107  0.0036  +0.0013
       149  0.0068  +0.0003
       208  0.0062  +0.0016
       290  0.0048  -0.0029
       405  0.0038  -0.0037
       566  0.0059  +0.0005
       790  0.0087  +0.0043
      1103  0.0002  +0.0001
      1539  0.0030  +0.0016
      2149  0.0073  -0.0032
      3000  0.0040  -0.0032
SUMMARY: dim=3 menu=axes6w:3:1:3 beta=0.0 L=32 T=3000 plateau_|m|=0.0056 lowk_ratio=nan seconds=17
