dim=3 (event lattice Z^4) menu=axes6w:3:1:1 beta=0.0 L=32 T=3000 T0=1500 seed=1; predecessors n=7; sigma^2=nan
memory table: level, |m|, m.e0
         1  0.9976  +0.9976
         2  0.9974  +0.9974
         3  0.9971  +0.9971
         4  0.9963  +0.9963
         5  0.9972  +0.9972
         7  0.9969  +0.9969
        10  0.9971  +0.9971
        14  0.9966  +0.9966
        20  0.9969  +0.9969
        28  0.9969  +0.9969
        39  0.9970  +0.9970
        55  0.9975  +0.9975
        76  0.9969  +0.9969
       107  0.9973  +0.9973
       149  0.9975  +0.9975
       208  0.9972  +0.9972
       290  0.9969  +0.9969
       405  0.9975  +0.9975
       566  0.9968  +0.9968
       790  0.9972  +0.9972
      1103  0.9971  +0.9971
      1539  0.9963  +0.9963
      2149  0.9972  +0.9972
      3000  0.9969  +0.9969
SUMMARY: dim=3 menu=axes6w:3:1:1 beta=0.0 L=32 T=3000 plateau_|m|=0.9971 lowk_ratio=nan seconds=16
