dim=3 (event lattice Z^4) menu=axes6w:3:2:4 beta=0.0 L=32 T=3000 T0=1500 seed=1; predecessors n=4; sigma^2=nan
memory table: level, |m|, m.e0
         1  0.0574  +0.0574
         2  0.0160  +0.0137
         3  0.0030  -0.0005
         4  0.0050  -0.0039
         5  0.0044  -0.0026
         7  0.0039  +0.0001
        10  0.0026  -0.0018
        14  0.0121  +0.0012
        20  0.0053  +0.0013
        28  0.0039  -0.0016
        39  0.0011  +0.0002
        55  0.0050  -0.0039
        76  0.0089  -0.0078
       107  0.0067  +0.0025
       149  0.0029  -0.0001
       208  0.0050  +0.0049
       290  0.0061  -0.0028
       405  0.0037  +0.0005
       566  0.0054  +0.0028
       790  0.0063  -0.0005
      1103  0.0083  +0.0070
      1539  0.0046  +0.0027
      2149  0.0061  -0.0011
      3000  0.0014  -0.0012
SUMMARY: dim=3 menu=axes6w:3:2:4 beta=0.0 L=32 T=3000 plateau_|m|=0.0051 lowk_ratio=nan seconds=17
