dim=3 (event lattice Z^4) menu=axes6w:5:1:2 beta=0.0 L=32 T=3000 T0=1500 seed=1; predecessors n=7; sigma^2=nan
memory table: level, |m|, m.e0
         1  0.9934  +0.9934
         2  0.9934  +0.9934
         3  0.9932  +0.9932
         4  0.9922  +0.9922
         5  0.9933  +0.9933
         7  0.9927  +0.9927
        10  0.9936  +0.9936
        14  0.9924  +0.9924
        20  0.9918  +0.9918
        28  0.9929  +0.9929
        39  0.9921  +0.9921
        55  0.9935  +0.9935
        76  0.9930  +0.9930
       107  0.9928  +0.9928
       149  0.9930  +0.9930
       208  0.9924  +0.9924
       290  0.9923  +0.9923
       405  0.9927  +0.9927
       566  0.9919  +0.9919
       790  0.9925  +0.9925
      1103  0.9931  +0.9931
      1539  0.9923  +0.9923
      2149  0.9924  +0.9924
      3000  0.9926  +0.9926
SUMMARY: dim=3 menu=axes6w:5:1:2 beta=0.0 L=32 T=3000 plateau_|m|=0.9927 lowk_ratio=nan seconds=20
