dim=3 (event lattice Z^4) menu=axes6w:12:2:4 beta=0.0 L=32 T=3000 T0=1500 seed=1; predecessors n=7; sigma^2=nan
memory table: level, |m|, m.e0
         1  0.9981  +0.9981
         2  0.9984  +0.9984
         3  0.9981  +0.9981
         4  0.9976  +0.9976
         5  0.9983  +0.9983
         7  0.9980  +0.9980
        10  0.9982  +0.9982
        14  0.9975  +0.9975
        20  0.9978  +0.9978
        28  0.9981  +0.9981
        39  0.9979  +0.9979
        55  0.9988  +0.9988
        76  0.9982  +0.9982
       107  0.9983  +0.9983
       149  0.9985  +0.9985
       208  0.9979  +0.9979
       290  0.9980  +0.9980
       405  0.9982  +0.9982
       566  0.9978  +0.9978
       790  0.9979  +0.9979
      1103  0.9981  +0.9981
      1539  0.9978  +0.9978
      2149  0.9981  +0.9981
      3000  0.9978  +0.9978
SUMMARY: dim=3 menu=axes6w:12:2:4 beta=0.0 L=32 T=3000 plateau_|m|=0.9981 lowk_ratio=nan seconds=17
