dim=2 (event lattice Z^3) menu=axes6w:24:1:2 beta=0.0 L=128 T=3000 T0=1500 seed=1; predecessors n=3; sigma^2=nan
memory table: level, |m|, m.e0
         1  0.9973  +0.9973
         2  0.9971  +0.9971
         3  0.9968  +0.9968
         4  0.9968  +0.9968
         5  0.9970  +0.9970
         7  0.9961  +0.9961
        10  0.9966  +0.9966
        14  0.9962  +0.9962
        20  0.9971  +0.9971
        28  0.9962  +0.9962
        39  0.9960  +0.9960
        55  0.9962  +0.9962
        76  0.9966  +0.9966
       107  0.9966  +0.9966
       149  0.9960  +0.9960
       208  0.9962  +0.9962
       290  0.9963  +0.9963
       405  0.9971  +0.9971
       566  0.9963  +0.9963
       790  0.9963  +0.9963
      1103  0.9960  +0.9960
      1539  0.9970  +0.9970
      2149  0.9966  +0.9966
      3000  0.9956  +0.9956
SUMMARY: dim=2 menu=axes6w:24:1:2 beta=0.0 L=128 T=3000 plateau_|m|=0.9965 lowk_ratio=nan seconds=7
