dim=2 (event lattice Z^3) menu=axes6w:12:1:2 beta=0.0 L=128 T=3000 T0=1500 seed=1; predecessors n=5; sigma^2=nan
memory table: level, |m|, m.e0
         1  0.9993  +0.9993
         2  0.9993  +0.9993
         3  0.9996  +0.9996
         4  0.9995  +0.9995
         5  0.9995  +0.9995
         7  0.9992  +0.9992
        10  0.9996  +0.9996
        14  0.9992  +0.9992
        20  0.9997  +0.9997
        28  0.9996  +0.9996
        39  0.9992  +0.9992
        55  0.9995  +0.9995
        76  0.9996  +0.9996
       107  0.9993  +0.9993
       149  0.9993  +0.9993
       208  0.9992  +0.9992
       290  0.9992  +0.9992
       405  0.9996  +0.9996
       566  0.9995  +0.9995
       790  0.9995  +0.9995
      1103  0.9994  +0.9994
      1539  0.9995  +0.9995
      2149  0.9993  +0.9993
      3000  0.9993  +0.9993
SUMMARY: dim=2 menu=axes6w:12:1:2 beta=0.0 L=128 T=3000 plateau_|m|=0.9995 lowk_ratio=nan seconds=7
