dim=3 (event lattice Z^4) menu=axes6w:4:2:4 beta=0.0 L=32 T=3000 T0=1500 seed=1; predecessors n=7; sigma^2=nan
memory table: level, |m|, m.e0
         1  0.1990  +0.1990
         2  0.1471  +0.1469
         3  0.0764  +0.0763
         4  0.0460  +0.0458
         5  0.0225  +0.0224
         7  0.0093  +0.0088
        10  0.0026  +0.0006
        14  0.0094  +0.0027
        20  0.0064  -0.0045
        28  0.0066  +0.0006
        39  0.0058  +0.0019
        55  0.0036  -0.0003
        76  0.0112  -0.0103
       107  0.0073  +0.0035
       149  0.0094  -0.0052
       208  0.0025  +0.0020
       290  0.0033  +0.0022
       405  0.0052  -0.0049
       566  0.0072  +0.0026
       790  0.0080  -0.0064
      1103  0.0105  +0.0095
      1539  0.0044  -0.0002
      2149  0.0074  -0.0023
      3000  0.0087  +0.0004
SUMMARY: dim=3 menu=axes6w:4:2:4 beta=0.0 L=32 T=3000 plateau_|m|=0.0063 lowk_ratio=nan seconds=17
