dim=3 (event lattice Z^4) menu=axes6w:4:2:4 beta=0.0 L=32 T=3000 T0=1500 seed=1; predecessors n=4; sigma^2=nan
memory table: level, |m|, m.e0
         1  0.1862  +0.1862
         2  0.0734  +0.0732
         3  0.0230  +0.0230
         4  0.0062  +0.0044
         5  0.0045  +0.0005
         7  0.0022  -0.0002
        10  0.0020  -0.0020
        14  0.0118  +0.0018
        20  0.0031  +0.0005
        28  0.0063  -0.0034
        39  0.0046  +0.0019
        55  0.0027  -0.0018
        76  0.0089  -0.0079
       107  0.0056  +0.0031
       149  0.0041  -0.0014
       208  0.0036  +0.0034
       290  0.0029  -0.0024
       405  0.0027  -0.0020
       566  0.0046  -0.0006
       790  0.0065  -0.0000
      1103  0.0062  +0.0055
      1539  0.0051  +0.0050
      2149  0.0035  -0.0008
      3000  0.0031  -0.0017
SUMMARY: dim=3 menu=axes6w:4:2:4 beta=0.0 L=32 T=3000 plateau_|m|=0.0053 lowk_ratio=nan seconds=18
