dim=2 (event lattice Z^3) menu=axes6w:10:1:2 beta=0.0 L=128 T=3000 T0=1500 seed=1; predecessors n=3; sigma^2=nan
memory table: level, |m|, m.e0
         1  0.9648  +0.9648
         2  0.9446  +0.9446
         3  0.9273  +0.9273
         4  0.9136  +0.9136
         5  0.9008  +0.9008
         7  0.8831  +0.8831
        10  0.8585  +0.8585
        14  0.8305  +0.8304
        20  0.8047  +0.8047
        28  0.7662  +0.7662
        39  0.7252  +0.7252
        55  0.6860  +0.6859
        76  0.6144  +0.6141
       107  0.5362  +0.5361
       149  0.4327  +0.4326
       208  0.2905  +0.2904
       290  0.1897  +0.1864
       405  0.0945  +0.0931
       566  0.0267  +0.0223
       790  0.0452  -0.0052
      1103  0.0383  +0.0237
      1539  0.0335  +0.0020
      2149  0.0358  +0.0234
      3000  0.0258  -0.0201
SUMMARY: dim=2 menu=axes6w:10:1:2 beta=0.0 L=128 T=3000 plateau_|m|=0.0246 lowk_ratio=nan seconds=8
