dim=2 (event lattice Z^3) menu=axes6w:4:1:2 beta=0.0 L=128 T=3000 T0=1500 seed=1; predecessors n=5; sigma^2=nan
memory table: level, |m|, m.e0
         1  0.8887  +0.8887
         2  0.8198  +0.8198
         3  0.7633  +0.7632
         4  0.7151  +0.7151
         5  0.6748  +0.6748
         7  0.6047  +0.6047
        10  0.5135  +0.5134
        14  0.4176  +0.4175
        20  0.2951  +0.2949
        28  0.1891  +0.1886
        39  0.0966  +0.0963
        55  0.0348  +0.0347
        76  0.0112  +0.0107
       107  0.0261  +0.0146
       149  0.0151  +0.0007
       208  0.0164  -0.0027
       290  0.0298  +0.0278
       405  0.0320  +0.0099
       566  0.0145  +0.0097
       790  0.0094  +0.0049
      1103  0.0367  +0.0358
      1539  0.0239  -0.0103
      2149  0.0106  +0.0035
      3000  0.0115  +0.0016
SUMMARY: dim=2 menu=axes6w:4:1:2 beta=0.0 L=128 T=3000 plateau_|m|=0.0178 lowk_ratio=nan seconds=12
