dim=3 (event lattice Z^4) menu=axes6w:12:2:4 beta=0.0 L=32 T=3000 T0=1500 seed=1; predecessors n=4; sigma^2=nan
memory table: level, |m|, m.e0
         1  0.9510  +0.9510
         2  0.9245  +0.9245
         3  0.9065  +0.9065
         4  0.8909  +0.8909
         5  0.8795  +0.8795
         7  0.8625  +0.8625
        10  0.8549  +0.8549
        14  0.8441  +0.8441
        20  0.8378  +0.8378
        28  0.8337  +0.8337
        39  0.8344  +0.8344
        55  0.8289  +0.8289
        76  0.8356  +0.8356
       107  0.8343  +0.8343
       149  0.8323  +0.8323
       208  0.8236  +0.8236
       290  0.8342  +0.8342
       405  0.8308  +0.8308
       566  0.8352  +0.8352
       790  0.8339  +0.8339
      1103  0.8304  +0.8304
      1539  0.8371  +0.8371
      2149  0.8287  +0.8287
      3000  0.8262  +0.8262
SUMMARY: dim=3 menu=axes6w:12:2:4 beta=0.0 L=32 T=3000 plateau_|m|=0.8316 lowk_ratio=nan seconds=14
