dim=3 (event lattice Z^4) menu=axes6w:6:1:3 beta=0.0 L=32 T=3000 T0=1500 seed=1; predecessors n=7; sigma^2=nan
memory table: level, |m|, m.e0
         1  0.9677  +0.9677
         2  0.9609  +0.9609
         3  0.9590  +0.9590
         4  0.9574  +0.9574
         5  0.9590  +0.9590
         7  0.9581  +0.9581
        10  0.9606  +0.9606
        14  0.9579  +0.9579
        20  0.9576  +0.9576
        28  0.9585  +0.9585
        39  0.9558  +0.9558
        55  0.9588  +0.9588
        76  0.9591  +0.9591
       107  0.9587  +0.9587
       149  0.9604  +0.9604
       208  0.9584  +0.9584
       290  0.9576  +0.9576
       405  0.9597  +0.9597
       566  0.9613  +0.9613
       790  0.9576  +0.9576
      1103  0.9596  +0.9596
      1539  0.9586  +0.9586
      2149  0.9600  +0.9600
      3000  0.9572  +0.9572
SUMMARY: dim=3 menu=axes6w:6:1:3 beta=0.0 L=32 T=3000 plateau_|m|=0.9588 lowk_ratio=nan seconds=18
