dim=3 (event lattice Z^4) menu=axes6w:6:2:4 beta=0.0 L=32 T=3000 T0=1500 seed=1; predecessors n=4; sigma^2=nan
memory table: level, |m|, m.e0
         1  0.5496  +0.5496
         2  0.3234  +0.3234
         3  0.1932  +0.1932
         4  0.1118  +0.1118
         5  0.0680  +0.0679
         7  0.0247  +0.0245
        10  0.0060  +0.0056
        14  0.0135  +0.0033
        20  0.0027  -0.0010
        28  0.0048  -0.0022
        39  0.0052  +0.0010
        55  0.0032  -0.0010
        76  0.0086  -0.0079
       107  0.0063  +0.0048
       149  0.0068  +0.0007
       208  0.0081  +0.0074
       290  0.0069  +0.0065
       405  0.0021  -0.0018
       566  0.0034  +0.0024
       790  0.0063  +0.0045
      1103  0.0079  +0.0067
      1539  0.0054  +0.0027
      2149  0.0012  -0.0001
      3000  0.0049  +0.0012
SUMMARY: dim=3 menu=axes6w:6:2:4 beta=0.0 L=32 T=3000 plateau_|m|=0.0063 lowk_ratio=nan seconds=17
