dim=2 (event lattice Z^3) menu=axes6w:5:1:2 beta=0.0 L=128 T=3000 T0=1500 seed=1; predecessors n=5; sigma^2=nan
memory table: level, |m|, m.e0
         1  0.9586  +0.9586
         2  0.9434  +0.9434
         3  0.9346  +0.9346
         4  0.9292  +0.9292
         5  0.9246  +0.9246
         7  0.9248  +0.9248
        10  0.9193  +0.9193
        14  0.9172  +0.9172
        20  0.9213  +0.9213
        28  0.9180  +0.9180
        39  0.9201  +0.9201
        55  0.9193  +0.9193
        76  0.9194  +0.9194
       107  0.9202  +0.9202
       149  0.9168  +0.9167
       208  0.9171  +0.9171
       290  0.9226  +0.9226
       405  0.9186  +0.9186
       566  0.9178  +0.9178
       790  0.9208  +0.9208
      1103  0.9190  +0.9190
      1539  0.9191  +0.9191
      2149  0.9199  +0.9199
      3000  0.9191  +0.9191
SUMMARY: dim=2 menu=axes6w:5:1:2 beta=0.0 L=128 T=3000 plateau_|m|=0.9194 lowk_ratio=nan seconds=11
