dim=3 (event lattice Z^4) menu=axes6w:6:1:1 beta=0.0 L=32 T=3000 T0=1500 seed=1; predecessors n=4; sigma^2=nan
memory table: level, |m|, m.e0
         1  0.9959  +0.9959
         2  0.9948  +0.9948
         3  0.9948  +0.9948
         4  0.9932  +0.9932
         5  0.9945  +0.9945
         7  0.9947  +0.9947
        10  0.9944  +0.9944
        14  0.9944  +0.9944
        20  0.9938  +0.9938
        28  0.9940  +0.9940
        39  0.9941  +0.9941
        55  0.9948  +0.9948
        76  0.9945  +0.9945
       107  0.9943  +0.9943
       149  0.9948  +0.9948
       208  0.9950  +0.9950
       290  0.9937  +0.9937
       405  0.9950  +0.9950
       566  0.9940  +0.9940
       790  0.9939  +0.9939
      1103  0.9946  +0.9946
      1539  0.9932  +0.9932
      2149  0.9940  +0.9940
      3000  0.9934  +0.9934
SUMMARY: dim=3 menu=axes6w:6:1:1 beta=0.0 L=32 T=3000 plateau_|m|=0.9944 lowk_ratio=nan seconds=25
