dim=3 (event lattice Z^4) menu=axes6w:3:2:4 beta=0.0 L=32 T=3000 T0=1500 seed=1; predecessors n=7; sigma^2=nan
memory table: level, |m|, m.e0
         1  0.0315  +0.0315
         2  0.0190  +0.0185
         3  0.0026  +0.0024
         4  0.0058  -0.0043
         5  0.0064  -0.0022
         7  0.0042  -0.0020
        10  0.0073  -0.0072
        14  0.0077  +0.0012
        20  0.0065  +0.0012
        28  0.0057  -0.0042
        39  0.0025  -0.0009
        55  0.0037  -0.0033
        76  0.0092  -0.0080
       107  0.0028  +0.0015
       149  0.0061  -0.0026
       208  0.0016  +0.0014
       290  0.0060  -0.0002
       405  0.0070  -0.0031
       566  0.0051  +0.0017
       790  0.0052  -0.0033
      1103  0.0078  +0.0073
      1539  0.0036  +0.0016
      2149  0.0035  -0.0004
      3000  0.0021  +0.0006
SUMMARY: dim=3 menu=axes6w:3:2:4 beta=0.0 L=32 T=3000 plateau_|m|=0.0054 lowk_ratio=nan seconds=18
