dim=3 (event lattice Z^4) menu=axes6w:3:1:3 beta=0.0 L=32 T=3000 T0=1500 seed=1; predecessors n=7; sigma^2=nan
memory table: level, |m|, m.e0
         1  0.2003  +0.2003
         2  0.2238  +0.2237
         3  0.1299  +0.1299
         4  0.1208  +0.1208
         5  0.0753  +0.0752
         7  0.0449  +0.0446
        10  0.0226  +0.0225
        14  0.0189  +0.0165
        20  0.0046  -0.0036
        28  0.0039  -0.0009
        39  0.0011  +0.0005
        55  0.0064  -0.0028
        76  0.0125  -0.0117
       107  0.0075  +0.0028
       149  0.0066  +0.0011
       208  0.0056  +0.0014
       290  0.0033  -0.0003
       405  0.0052  -0.0050
       566  0.0071  +0.0044
       790  0.0035  +0.0021
      1103  0.0141  +0.0121
      1539  0.0155  +0.0063
      2149  0.0051  -0.0027
      3000  0.0157  +0.0039
SUMMARY: dim=3 menu=axes6w:3:1:3 beta=0.0 L=32 T=3000 plateau_|m|=0.0079 lowk_ratio=nan seconds=19
