dim=2 (event lattice Z^3) menu=axes6w:2:1:2 beta=0.0 L=128 T=3000 T0=1500 seed=1; predecessors n=3; sigma^2=nan
memory table: level, |m|, m.e0
         1  0.1655  +0.1655
         2  0.0520  +0.0519
         3  0.0177  +0.0172
         4  0.0095  +0.0020
         5  0.0089  -0.0072
         7  0.0068  -0.0051
        10  0.0055  -0.0054
        14  0.0021  -0.0019
        20  0.0098  -0.0034
        28  0.0061  -0.0035
        39  0.0077  +0.0016
        55  0.0098  +0.0003
        76  0.0047  -0.0037
       107  0.0085  -0.0025
       149  0.0093  +0.0032
       208  0.0093  -0.0077
       290  0.0121  +0.0118
       405  0.0083  +0.0024
       566  0.0052  -0.0027
       790  0.0028  -0.0003
      1103  0.0087  +0.0064
      1539  0.0099  -0.0054
      2149  0.0025  -0.0001
      3000  0.0078  +0.0067
SUMMARY: dim=2 menu=axes6w:2:1:2 beta=0.0 L=128 T=3000 plateau_|m|=0.0073 lowk_ratio=nan seconds=9
