dim=3 (event lattice Z^4) menu=axes6w:8:1:3 beta=0.0 L=32 T=3000 T0=1500 seed=1; predecessors n=7; sigma^2=nan
memory table: level, |m|, m.e0
         1  0.9958  +0.9958
         2  0.9959  +0.9959
         3  0.9955  +0.9955
         4  0.9953  +0.9953
         5  0.9961  +0.9961
         7  0.9952  +0.9952
        10  0.9965  +0.9965
        14  0.9951  +0.9951
        20  0.9953  +0.9953
        28  0.9955  +0.9955
        39  0.9953  +0.9953
        55  0.9958  +0.9958
        76  0.9957  +0.9957
       107  0.9958  +0.9958
       149  0.9958  +0.9958
       208  0.9955  +0.9955
       290  0.9951  +0.9951
       405  0.9957  +0.9957
       566  0.9947  +0.9947
       790  0.9952  +0.9952
      1103  0.9959  +0.9959
      1539  0.9949  +0.9949
      2149  0.9949  +0.9949
      3000  0.9950  +0.9950
SUMMARY: dim=3 menu=axes6w:8:1:3 beta=0.0 L=32 T=3000 plateau_|m|=0.9955 lowk_ratio=nan seconds=21
