dim=2 (event lattice Z^3) menu=axes6w:3:1:2 beta=0.0 L=128 T=3000 T0=1500 seed=1; predecessors n=3; sigma^2=nan
memory table: level, |m|, m.e0
         1  0.4373  +0.4373
         2  0.2040  +0.2039
         3  0.0962  +0.0959
         4  0.0402  +0.0380
         5  0.0176  +0.0115
         7  0.0146  -0.0079
        10  0.0057  -0.0048
        14  0.0019  -0.0002
        20  0.0071  -0.0030
        28  0.0109  -0.0073
        39  0.0121  +0.0021
        55  0.0117  -0.0005
        76  0.0060  -0.0036
       107  0.0069  +0.0042
       149  0.0095  +0.0021
       208  0.0083  -0.0061
       290  0.0095  +0.0092
       405  0.0097  +0.0022
       566  0.0102  +0.0010
       790  0.0063  -0.0008
      1103  0.0100  +0.0093
      1539  0.0069  -0.0061
      2149  0.0038  -0.0009
      3000  0.0108  +0.0103
SUMMARY: dim=2 menu=axes6w:3:1:2 beta=0.0 L=128 T=3000 plateau_|m|=0.0077 lowk_ratio=nan seconds=8
