dim=2 (event lattice Z^3) menu=axes6w:8:1:2 beta=0.0 L=128 T=3000 T0=1500 seed=1; predecessors n=5; sigma^2=nan
memory table: level, |m|, m.e0
         1  0.9960  +0.9960
         2  0.9959  +0.9959
         3  0.9955  +0.9955
         4  0.9960  +0.9960
         5  0.9960  +0.9960
         7  0.9952  +0.9952
        10  0.9966  +0.9966
        14  0.9951  +0.9951
        20  0.9965  +0.9965
        28  0.9954  +0.9954
        39  0.9949  +0.9949
        55  0.9954  +0.9954
        76  0.9958  +0.9958
       107  0.9954  +0.9954
       149  0.9949  +0.9949
       208  0.9949  +0.9949
       290  0.9958  +0.9958
       405  0.9959  +0.9959
       566  0.9956  +0.9956
       790  0.9959  +0.9959
      1103  0.9957  +0.9957
      1539  0.9960  +0.9960
      2149  0.9956  +0.9956
      3000  0.9958  +0.9958
SUMMARY: dim=2 menu=axes6w:8:1:2 beta=0.0 L=128 T=3000 plateau_|m|=0.9956 lowk_ratio=nan seconds=8
