dim=3 (event lattice Z^4) menu=axes6w:10:1:2 beta=0.0 L=32 T=3000 T0=1500 seed=1; predecessors n=4; sigma^2=nan
memory table: level, |m|, m.e0
         1  0.9935  +0.9935
         2  0.9928  +0.9928
         3  0.9923  +0.9923
         4  0.9912  +0.9912
         5  0.9922  +0.9922
         7  0.9919  +0.9919
        10  0.9923  +0.9923
        14  0.9912  +0.9911
        20  0.9904  +0.9904
        28  0.9919  +0.9919
        39  0.9908  +0.9908
        55  0.9921  +0.9921
        76  0.9915  +0.9915
       107  0.9918  +0.9918
       149  0.9917  +0.9917
       208  0.9916  +0.9916
       290  0.9914  +0.9914
       405  0.9917  +0.9917
       566  0.9910  +0.9910
       790  0.9912  +0.9912
      1103  0.9917  +0.9917
      1539  0.9909  +0.9909
      2149  0.9912  +0.9912
      3000  0.9913  +0.9913
SUMMARY: dim=3 menu=axes6w:10:1:2 beta=0.0 L=32 T=3000 plateau_|m|=0.9915 lowk_ratio=nan seconds=18
