dim=2 (event lattice Z^3) menu=axes6w:8:1:2 beta=0.0 L=128 T=3000 T0=1500 seed=1; predecessors n=3; sigma^2=nan
memory table: level, |m|, m.e0
         1  0.9380  +0.9380
         2  0.8934  +0.8934
         3  0.8510  +0.8510
         4  0.8134  +0.8134
         5  0.7785  +0.7785
         7  0.7123  +0.7123
        10  0.6185  +0.6185
        14  0.5154  +0.5154
        20  0.3899  +0.3899
        28  0.2489  +0.2486
        39  0.1142  +0.1125
        55  0.0555  +0.0554
        76  0.0198  +0.0067
       107  0.0182  +0.0152
       149  0.0111  -0.0056
       208  0.0251  -0.0033
       290  0.0162  -0.0013
       405  0.0182  +0.0013
       566  0.0052  +0.0008
       790  0.0156  -0.0066
      1103  0.0149  +0.0126
      1539  0.0065  +0.0007
      2149  0.0100  +0.0065
      3000  0.0141  +0.0069
SUMMARY: dim=2 menu=axes6w:8:1:2 beta=0.0 L=128 T=3000 plateau_|m|=0.0145 lowk_ratio=nan seconds=8
