dim=2 (event lattice Z^3) menu=axes6w:6:1:2 beta=0.0 L=128 T=3000 T0=1500 seed=1; predecessors n=5; sigma^2=nan
memory table: level, |m|, m.e0
         1  0.9828  +0.9828
         2  0.9789  +0.9789
         3  0.9780  +0.9780
         4  0.9767  +0.9767
         5  0.9765  +0.9765
         7  0.9766  +0.9766
        10  0.9786  +0.9786
        14  0.9773  +0.9773
        20  0.9786  +0.9786
        28  0.9777  +0.9777
        39  0.9745  +0.9745
        55  0.9759  +0.9759
        76  0.9774  +0.9774
       107  0.9785  +0.9785
       149  0.9764  +0.9764
       208  0.9752  +0.9752
       290  0.9781  +0.9781
       405  0.9767  +0.9767
       566  0.9780  +0.9780
       790  0.9806  +0.9806
      1103  0.9767  +0.9767
      1539  0.9782  +0.9782
      2149  0.9765  +0.9765
      3000  0.9782  +0.9782
SUMMARY: dim=2 menu=axes6w:6:1:2 beta=0.0 L=128 T=3000 plateau_|m|=0.9772 lowk_ratio=nan seconds=8
