dim=3 (event lattice Z^4) menu=axes6w:5:1:2 beta=0.0 L=32 T=3000 T0=1500 seed=1; predecessors n=4; sigma^2=nan
memory table: level, |m|, m.e0
         1  0.9049  +0.9049
         2  0.8380  +0.8380
         3  0.7861  +0.7861
         4  0.7383  +0.7383
         5  0.6912  +0.6912
         7  0.6151  +0.6151
        10  0.5244  +0.5243
        14  0.4203  +0.4202
        20  0.2763  +0.2762
        28  0.1517  +0.1514
        39  0.0595  +0.0589
        55  0.0198  +0.0190
        76  0.0106  -0.0038
       107  0.0148  +0.0033
       149  0.0147  +0.0126
       208  0.0129  +0.0067
       290  0.0082  +0.0077
       405  0.0071  +0.0043
       566  0.0205  -0.0147
       790  0.0121  +0.0069
      1103  0.0127  +0.0042
      1539  0.0197  +0.0044
      2149  0.0128  -0.0111
      3000  0.0023  +0.0004
SUMMARY: dim=3 menu=axes6w:5:1:2 beta=0.0 L=32 T=3000 plateau_|m|=0.0115 lowk_ratio=nan seconds=25
