dim=2 (event lattice Z^3) menu=axes6w:4:1:2 beta=0.0 L=128 T=3000 T0=1500 seed=1; predecessors n=3; sigma^2=nan
memory table: level, |m|, m.e0
         1  0.6518  +0.6518
         2  0.4242  +0.4242
         3  0.2631  +0.2631
         4  0.1586  +0.1584
         5  0.0922  +0.0914
         7  0.0292  +0.0284
        10  0.0055  +0.0016
        14  0.0073  +0.0023
        20  0.0109  -0.0031
        28  0.0101  -0.0048
        39  0.0037  -0.0029
        55  0.0145  -0.0018
        76  0.0078  -0.0060
       107  0.0101  +0.0096
       149  0.0147  -0.0084
       208  0.0042  -0.0016
       290  0.0102  +0.0085
       405  0.0164  +0.0051
       566  0.0041  -0.0016
       790  0.0118  -0.0027
      1103  0.0151  +0.0134
      1539  0.0113  -0.0103
      2149  0.0064  +0.0048
      3000  0.0154  +0.0109
SUMMARY: dim=2 menu=axes6w:4:1:2 beta=0.0 L=128 T=3000 plateau_|m|=0.0086 lowk_ratio=nan seconds=9
