dim=2 (event lattice Z^3) menu=axes6w:11:1:2 beta=0.0 L=128 T=3000 T0=1500 seed=1; predecessors n=3; sigma^2=nan
memory table: level, |m|, m.e0
         1  0.9737  +0.9737
         2  0.9589  +0.9589
         3  0.9481  +0.9481
         4  0.9392  +0.9392
         5  0.9331  +0.9331
         7  0.9235  +0.9235
        10  0.9131  +0.9131
        14  0.9027  +0.9027
        20  0.8917  +0.8917
        28  0.8789  +0.8789
        39  0.8746  +0.8746
        55  0.8725  +0.8724
        76  0.8637  +0.8637
       107  0.8603  +0.8603
       149  0.8395  +0.8394
       208  0.8289  +0.8289
       290  0.8391  +0.8391
       405  0.8302  +0.8302
       566  0.8262  +0.8261
       790  0.8223  +0.8223
      1103  0.8256  +0.8255
      1539  0.8280  +0.8280
      2149  0.8361  +0.8361
      3000  0.8334  +0.8334
SUMMARY: dim=2 menu=axes6w:11:1:2 beta=0.0 L=128 T=3000 plateau_|m|=0.8291 lowk_ratio=nan seconds=7
