dim=3 (event lattice Z^4) menu=axes6w:6:1:3 beta=0.0 L=32 T=3000 T0=1500 seed=1; predecessors n=4; sigma^2=nan
memory table: level, |m|, m.e0
         1  0.8001  +0.8001
         2  0.6615  +0.6615
         3  0.5569  +0.5569
         4  0.4786  +0.4786
         5  0.4071  +0.4070
         7  0.3015  +0.3014
        10  0.1942  +0.1942
        14  0.1100  +0.1096
        20  0.0352  +0.0348
        28  0.0109  +0.0096
        39  0.0067  +0.0056
        55  0.0061  +0.0044
        76  0.0159  -0.0060
       107  0.0033  -0.0029
       149  0.0124  +0.0056
       208  0.0092  +0.0027
       290  0.0069  +0.0038
       405  0.0015  +0.0007
       566  0.0076  -0.0016
       790  0.0073  +0.0050
      1103  0.0054  +0.0025
      1539  0.0191  +0.0082
      2149  0.0029  -0.0010
      3000  0.0114  +0.0074
SUMMARY: dim=3 menu=axes6w:6:1:3 beta=0.0 L=32 T=3000 plateau_|m|=0.0095 lowk_ratio=nan seconds=16
