dim=2 (event lattice Z^3) menu=axes6w:11:1:2 beta=0.0 L=128 T=3000 T0=1500 seed=1; predecessors n=5; sigma^2=nan
memory table: level, |m|, m.e0
         1  0.9987  +0.9987
         2  0.9991  +0.9991
         3  0.9993  +0.9993
         4  0.9992  +0.9992
         5  0.9993  +0.9993
         7  0.9990  +0.9990
        10  0.9995  +0.9995
        14  0.9987  +0.9987
        20  0.9992  +0.9992
        28  0.9992  +0.9992
        39  0.9987  +0.9987
        55  0.9991  +0.9991
        76  0.9996  +0.9996
       107  0.9988  +0.9988
       149  0.9988  +0.9988
       208  0.9990  +0.9990
       290  0.9991  +0.9991
       405  0.9993  +0.9993
       566  0.9991  +0.9991
       790  0.9990  +0.9990
      1103  0.9991  +0.9991
      1539  0.9992  +0.9992
      2149  0.9990  +0.9990
      3000  0.9989  +0.9989
SUMMARY: dim=2 menu=axes6w:11:1:2 beta=0.0 L=128 T=3000 plateau_|m|=0.9992 lowk_ratio=nan seconds=8
