dim=2 (event lattice Z^3) menu=axes6w:16:1:2 beta=0.0 L=128 T=3000 T0=1500 seed=1; predecessors n=3; sigma^2=nan
memory table: level, |m|, m.e0
         1  0.9921  +0.9921
         2  0.9882  +0.9882
         3  0.9875  +0.9875
         4  0.9861  +0.9861
         5  0.9865  +0.9865
         7  0.9847  +0.9847
        10  0.9852  +0.9852
        14  0.9843  +0.9843
        20  0.9854  +0.9854
        28  0.9840  +0.9840
        39  0.9822  +0.9822
        55  0.9832  +0.9832
        76  0.9843  +0.9843
       107  0.9836  +0.9836
       149  0.9836  +0.9836
       208  0.9842  +0.9842
       290  0.9846  +0.9846
       405  0.9843  +0.9843
       566  0.9846  +0.9846
       790  0.9847  +0.9847
      1103  0.9831  +0.9831
      1539  0.9837  +0.9837
      2149  0.9821  +0.9821
      3000  0.9836  +0.9836
SUMMARY: dim=2 menu=axes6w:16:1:2 beta=0.0 L=128 T=3000 plateau_|m|=0.9837 lowk_ratio=nan seconds=7
