dim=2 (event lattice Z^3) menu=axes6w:3:1:2 beta=0.0 L=128 T=3000 T0=1500 seed=1; predecessors n=5; sigma^2=nan
memory table: level, |m|, m.e0
         1  0.6534  +0.6534
         2  0.4625  +0.4625
         3  0.3302  +0.3300
         4  0.2399  +0.2395
         5  0.1711  +0.1706
         7  0.0919  +0.0911
        10  0.0319  +0.0311
        14  0.0110  +0.0074
        20  0.0040  -0.0015
        28  0.0139  +0.0010
        39  0.0036  -0.0026
        55  0.0156  +0.0062
        76  0.0119  -0.0118
       107  0.0050  +0.0024
       149  0.0122  -0.0060
       208  0.0071  -0.0007
       290  0.0122  +0.0103
       405  0.0147  -0.0004
       566  0.0059  +0.0043
       790  0.0069  +0.0050
      1103  0.0167  +0.0143
      1539  0.0046  -0.0035
      2149  0.0120  +0.0070
      3000  0.0141  -0.0009
SUMMARY: dim=2 menu=axes6w:3:1:2 beta=0.0 L=128 T=3000 plateau_|m|=0.0099 lowk_ratio=nan seconds=10
