dim=3 (event lattice Z^4) menu=axes6w:16:1:1 beta=0.0 L=32 T=3000 T0=1500 seed=1; predecessors n=4; sigma^2=nan
memory table: level, |m|, m.e0
         1  0.9998  +0.9998
         2  0.9999  +0.9999
         3  0.9999  +0.9999
         4  0.9999  +0.9999
         5  0.9999  +0.9999
         7  0.9999  +0.9999
        10  1.0000  +1.0000
        14  1.0000  +1.0000
        20  0.9999  +0.9999
        28  1.0000  +1.0000
        39  1.0000  +1.0000
        55  1.0000  +1.0000
        76  0.9999  +0.9999
       107  0.9999  +0.9999
       149  0.9999  +0.9999
       208  1.0000  +1.0000
       290  0.9998  +0.9998
       405  0.9998  +0.9998
       566  0.9999  +0.9999
       790  0.9998  +0.9998
      1103  1.0000  +1.0000
      1539  0.9998  +0.9998
      2149  1.0000  +1.0000
      3000  1.0000  +1.0000
SUMMARY: dim=3 menu=axes6w:16:1:1 beta=0.0 L=32 T=3000 plateau_|m|=0.9999 lowk_ratio=nan seconds=15
