dim=2 (event lattice Z^3) menu=axes6w:12:1:2 beta=0.0 L=128 T=3000 T0=1500 seed=1; predecessors n=3; sigma^2=nan
memory table: level, |m|, m.e0
         1  0.9799  +0.9799
         2  0.9695  +0.9695
         3  0.9626  +0.9626
         4  0.9558  +0.9558
         5  0.9528  +0.9528
         7  0.9456  +0.9456
        10  0.9404  +0.9404
        14  0.9346  +0.9346
        20  0.9326  +0.9326
        28  0.9312  +0.9312
        39  0.9297  +0.9297
        55  0.9296  +0.9296
        76  0.9272  +0.9272
       107  0.9290  +0.9290
       149  0.9291  +0.9291
       208  0.9294  +0.9294
       290  0.9338  +0.9338
       405  0.9331  +0.9331
       566  0.9266  +0.9266
       790  0.9279  +0.9279
      1103  0.9292  +0.9292
      1539  0.9253  +0.9253
      2149  0.9257  +0.9257
      3000  0.9328  +0.9328
SUMMARY: dim=2 menu=axes6w:12:1:2 beta=0.0 L=128 T=3000 plateau_|m|=0.9291 lowk_ratio=nan seconds=15
