dim=3 (event lattice Z^4) menu=axes6w:16:1:2 beta=0.0 L=32 T=3000 T0=1500 seed=1; predecessors n=4; sigma^2=nan
memory table: level, |m|, m.e0
         1  0.9988  +0.9988
         2  0.9987  +0.9987
         3  0.9988  +0.9988
         4  0.9987  +0.9987
         5  0.9989  +0.9989
         7  0.9989  +0.9989
        10  0.9989  +0.9989
        14  0.9987  +0.9987
        20  0.9986  +0.9986
        28  0.9988  +0.9988
        39  0.9987  +0.9987
        55  0.9993  +0.9993
        76  0.9990  +0.9990
       107  0.9990  +0.9990
       149  0.9992  +0.9992
       208  0.9989  +0.9989
       290  0.9987  +0.9987
       405  0.9990  +0.9990
       566  0.9988  +0.9988
       790  0.9989  +0.9989
      1103  0.9987  +0.9987
      1539  0.9987  +0.9987
      2149  0.9990  +0.9990
      3000  0.9988  +0.9988
SUMMARY: dim=3 menu=axes6w:16:1:2 beta=0.0 L=32 T=3000 plateau_|m|=0.9989 lowk_ratio=nan seconds=15
