dim=3 (event lattice Z^4) menu=axes6w:12:1:3 beta=0.0 L=32 T=3000 T0=1500 seed=1; predecessors n=4; sigma^2=nan
memory table: level, |m|, m.e0
         1  0.9840  +0.9840
         2  0.9793  +0.9793
         3  0.9773  +0.9773
         4  0.9756  +0.9756
         5  0.9760  +0.9760
         7  0.9759  +0.9759
        10  0.9770  +0.9770
        14  0.9761  +0.9761
        20  0.9757  +0.9757
        28  0.9760  +0.9760
        39  0.9755  +0.9755
        55  0.9761  +0.9761
        76  0.9774  +0.9774
       107  0.9777  +0.9777
       149  0.9775  +0.9775
       208  0.9764  +0.9764
       290  0.9758  +0.9758
       405  0.9782  +0.9782
       566  0.9765  +0.9765
       790  0.9752  +0.9752
      1103  0.9767  +0.9767
      1539  0.9753  +0.9753
      2149  0.9762  +0.9762
      3000  0.9754  +0.9754
SUMMARY: dim=3 menu=axes6w:12:1:3 beta=0.0 L=32 T=3000 plateau_|m|=0.9761 lowk_ratio=nan seconds=15
