dim=3 (event lattice Z^4) menu=axes6w:4:1:1 beta=0.0 L=32 T=3000 T0=1500 seed=1; predecessors n=7; sigma^2=nan
memory table: level, |m|, m.e0
         1  0.9995  +0.9995
         2  0.9996  +0.9996
         3  0.9997  +0.9997
         4  0.9997  +0.9997
         5  0.9997  +0.9997
         7  0.9997  +0.9997
        10  0.9998  +0.9998
        14  0.9998  +0.9998
        20  0.9995  +0.9995
        28  0.9997  +0.9997
        39  0.9996  +0.9996
        55  0.9996  +0.9996
        76  0.9997  +0.9997
       107  0.9997  +0.9997
       149  0.9997  +0.9997
       208  0.9998  +0.9998
       290  0.9995  +0.9995
       405  0.9995  +0.9995
       566  0.9996  +0.9996
       790  0.9997  +0.9997
      1103  0.9997  +0.9997
      1539  0.9996  +0.9996
      2149  0.9997  +0.9997
      3000  0.9996  +0.9996
SUMMARY: dim=3 menu=axes6w:4:1:1 beta=0.0 L=32 T=3000 plateau_|m|=0.9996 lowk_ratio=nan seconds=18
