dim=3 (event lattice Z^4) menu=axes6w:4:1:1 beta=0.0 L=32 T=3000 T0=1500 seed=1; predecessors n=4; sigma^2=nan
memory table: level, |m|, m.e0
         1  0.9772  +0.9772
         2  0.9673  +0.9673
         3  0.9637  +0.9637
         4  0.9608  +0.9608
         5  0.9594  +0.9594
         7  0.9574  +0.9574
        10  0.9591  +0.9591
        14  0.9577  +0.9577
        20  0.9590  +0.9590
        28  0.9574  +0.9574
        39  0.9593  +0.9593
        55  0.9575  +0.9575
        76  0.9591  +0.9591
       107  0.9620  +0.9620
       149  0.9618  +0.9618
       208  0.9598  +0.9598
       290  0.9576  +0.9576
       405  0.9615  +0.9615
       566  0.9584  +0.9584
       790  0.9582  +0.9582
      1103  0.9607  +0.9607
      1539  0.9580  +0.9580
      2149  0.9590  +0.9590
      3000  0.9571  +0.9571
SUMMARY: dim=3 menu=axes6w:4:1:1 beta=0.0 L=32 T=3000 plateau_|m|=0.9586 lowk_ratio=nan seconds=23
