dim=3 (event lattice Z^4) menu=axes6w:8:1:1 beta=0.0 L=32 T=3000 T0=1500 seed=1; predecessors n=4; sigma^2=nan
memory table: level, |m|, m.e0
         1  0.9985  +0.9985
         2  0.9984  +0.9984
         3  0.9985  +0.9985
         4  0.9980  +0.9980
         5  0.9982  +0.9982
         7  0.9985  +0.9985
        10  0.9986  +0.9986
        14  0.9982  +0.9982
        20  0.9980  +0.9980
        28  0.9986  +0.9986
        39  0.9984  +0.9984
        55  0.9986  +0.9986
        76  0.9985  +0.9985
       107  0.9984  +0.9984
       149  0.9987  +0.9987
       208  0.9984  +0.9984
       290  0.9982  +0.9982
       405  0.9986  +0.9986
       566  0.9982  +0.9982
       790  0.9986  +0.9986
      1103  0.9982  +0.9982
      1539  0.9977  +0.9977
      2149  0.9984  +0.9984
      3000  0.9983  +0.9983
SUMMARY: dim=3 menu=axes6w:8:1:1 beta=0.0 L=32 T=3000 plateau_|m|=0.9984 lowk_ratio=nan seconds=19
