dim=3 (event lattice Z^4) menu=axes6w:6:2:4 beta=0.0 L=32 T=3000 T0=1500 seed=1; predecessors n=7; sigma^2=nan
memory table: level, |m|, m.e0
         1  0.8114  +0.8113
         2  0.6994  +0.6994
         3  0.6258  +0.6258
         4  0.5694  +0.5694
         5  0.5240  +0.5240
         7  0.4577  +0.4577
        10  0.3952  +0.3952
        14  0.3294  +0.3291
        20  0.2508  +0.2507
        28  0.1831  +0.1828
        39  0.1229  +0.1218
        55  0.0724  +0.0722
        76  0.0353  +0.0272
       107  0.0146  +0.0027
       149  0.0111  +0.0074
       208  0.0117  +0.0036
       290  0.0213  +0.0048
       405  0.0073  -0.0052
       566  0.0207  -0.0052
       790  0.0026  +0.0013
      1103  0.0235  +0.0027
      1539  0.0270  +0.0136
      2149  0.0173  -0.0142
      3000  0.0177  +0.0107
SUMMARY: dim=3 menu=axes6w:6:2:4 beta=0.0 L=32 T=3000 plateau_|m|=0.0187 lowk_ratio=nan seconds=17
