dim=3 (event lattice Z^4) menu=axes6w:3:1:1 beta=0.0 L=32 T=3000 T0=1500 seed=1; predecessors n=4; sigma^2=nan
memory table: level, |m|, m.e0
         1  0.9296  +0.9296
         2  0.8840  +0.8840
         3  0.8502  +0.8502
         4  0.8211  +0.8211
         5  0.7917  +0.7917
         7  0.7495  +0.7495
        10  0.6946  +0.6945
        14  0.6227  +0.6227
        20  0.5232  +0.5232
        28  0.3868  +0.3867
        39  0.2245  +0.2244
        55  0.0660  +0.0648
        76  0.0060  +0.0020
       107  0.0111  +0.0075
       149  0.0087  +0.0000
       208  0.0195  +0.0041
       290  0.0053  +0.0000
       405  0.0123  -0.0011
       566  0.0102  -0.0005
       790  0.0146  +0.0102
      1103  0.0064  +0.0056
      1539  0.0134  +0.0041
      2149  0.0081  -0.0020
      3000  0.0035  -0.0018
SUMMARY: dim=3 menu=axes6w:3:1:1 beta=0.0 L=32 T=3000 plateau_|m|=0.0091 lowk_ratio=nan seconds=17
