dim=3 (event lattice Z^4) menu=axes6w:12:1:2 beta=0.0 L=32 T=3000 T0=1500 seed=1; predecessors n=4; sigma^2=nan
memory table: level, |m|, m.e0
         1  0.9969  +0.9969
         2  0.9966  +0.9966
         3  0.9962  +0.9962
         4  0.9956  +0.9956
         5  0.9966  +0.9966
         7  0.9962  +0.9962
        10  0.9967  +0.9967
        14  0.9958  +0.9958
        20  0.9958  +0.9958
        28  0.9959  +0.9959
        39  0.9959  +0.9959
        55  0.9970  +0.9970
        76  0.9962  +0.9962
       107  0.9963  +0.9963
       149  0.9968  +0.9968
       208  0.9967  +0.9967
       290  0.9958  +0.9958
       405  0.9963  +0.9963
       566  0.9955  +0.9955
       790  0.9955  +0.9955
      1103  0.9965  +0.9965
      1539  0.9958  +0.9958
      2149  0.9958  +0.9958
      3000  0.9956  +0.9956
SUMMARY: dim=3 menu=axes6w:12:1:2 beta=0.0 L=32 T=3000 plateau_|m|=0.9963 lowk_ratio=nan seconds=17
