dim=3 (event lattice Z^4) menu=axes6w:4:1:3 beta=0.0 L=32 T=3000 T0=1500 seed=1; predecessors n=4; sigma^2=nan
memory table: level, |m|, m.e0
         1  0.4412  +0.4412
         2  0.2697  +0.2696
         3  0.1714  +0.1714
         4  0.1068  +0.1066
         5  0.0711  +0.0710
         7  0.0284  +0.0283
        10  0.0120  +0.0113
        14  0.0115  +0.0070
        20  0.0030  -0.0005
        28  0.0050  -0.0049
        39  0.0033  +0.0011
        55  0.0043  -0.0013
        76  0.0101  -0.0091
       107  0.0053  +0.0050
       149  0.0079  +0.0062
       208  0.0045  +0.0030
       290  0.0045  +0.0008
       405  0.0011  -0.0009
       566  0.0096  +0.0030
       790  0.0065  +0.0054
      1103  0.0055  +0.0036
      1539  0.0024  -0.0016
      2149  0.0045  -0.0043
      3000  0.0068  +0.0023
SUMMARY: dim=3 menu=axes6w:4:1:3 beta=0.0 L=32 T=3000 plateau_|m|=0.0066 lowk_ratio=nan seconds=25
