dim=3 (event lattice Z^4) menu=axes6w:16:1:3 beta=0.0 L=32 T=3000 T0=1500 seed=1; predecessors n=4; sigma^2=nan
memory table: level, |m|, m.e0
         1  0.9948  +0.9948
         2  0.9945  +0.9945
         3  0.9939  +0.9939
         4  0.9935  +0.9935
         5  0.9943  +0.9943
         7  0.9939  +0.9939
        10  0.9946  +0.9946
        14  0.9935  +0.9935
        20  0.9934  +0.9934
        28  0.9938  +0.9938
        39  0.9935  +0.9935
        55  0.9942  +0.9942
        76  0.9940  +0.9940
       107  0.9940  +0.9940
       149  0.9943  +0.9943
       208  0.9941  +0.9941
       290  0.9934  +0.9934
       405  0.9939  +0.9939
       566  0.9935  +0.9935
       790  0.9933  +0.9933
      1103  0.9941  +0.9941
      1539  0.9935  +0.9935
      2149  0.9932  +0.9932
      3000  0.9933  +0.9933
SUMMARY: dim=3 menu=axes6w:16:1:3 beta=0.0 L=32 T=3000 plateau_|m|=0.9939 lowk_ratio=nan seconds=19
