dim=3 (event lattice Z^4) menu=axes6w:16:2:4 beta=0.0 L=32 T=3000 T0=1500 seed=1; predecessors n=4; sigma^2=nan
memory table: level, |m|, m.e0
         1  0.9838  +0.9838
         2  0.9787  +0.9787
         3  0.9765  +0.9765
         4  0.9745  +0.9745
         5  0.9745  +0.9745
         7  0.9746  +0.9746
        10  0.9757  +0.9757
        14  0.9747  +0.9747
        20  0.9741  +0.9741
        28  0.9745  +0.9745
        39  0.9745  +0.9745
        55  0.9743  +0.9743
        76  0.9761  +0.9761
       107  0.9766  +0.9766
       149  0.9763  +0.9763
       208  0.9749  +0.9749
       290  0.9744  +0.9744
       405  0.9769  +0.9769
       566  0.9753  +0.9753
       790  0.9742  +0.9742
      1103  0.9753  +0.9753
      1539  0.9735  +0.9735
      2149  0.9752  +0.9752
      3000  0.9739  +0.9739
SUMMARY: dim=3 menu=axes6w:16:2:4 beta=0.0 L=32 T=3000 plateau_|m|=0.9748 lowk_ratio=nan seconds=18
