dim=2 (event lattice Z^3) menu=axes6w:10:1:2 beta=0.0 L=128 T=3000 T0=1500 seed=1; predecessors n=5; sigma^2=nan
memory table: level, |m|, m.e0
         1  0.9984  +0.9984
         2  0.9988  +0.9988
         3  0.9985  +0.9985
         4  0.9987  +0.9987
         5  0.9988  +0.9988
         7  0.9984  +0.9984
        10  0.9990  +0.9990
        14  0.9982  +0.9982
        20  0.9988  +0.9988
        28  0.9985  +0.9985
        39  0.9979  +0.9979
        55  0.9984  +0.9984
        76  0.9993  +0.9993
       107  0.9980  +0.9980
       149  0.9979  +0.9979
       208  0.9984  +0.9984
       290  0.9989  +0.9989
       405  0.9988  +0.9988
       566  0.9986  +0.9986
       790  0.9987  +0.9987
      1103  0.9984  +0.9984
      1539  0.9988  +0.9988
      2149  0.9985  +0.9985
      3000  0.9987  +0.9987
SUMMARY: dim=2 menu=axes6w:10:1:2 beta=0.0 L=128 T=3000 plateau_|m|=0.9986 lowk_ratio=nan seconds=7
