dim=3 (event lattice Z^4) menu=axes6w:11:1:2 beta=0.0 L=32 T=3000 T0=1500 seed=1; predecessors n=4; sigma^2=nan
memory table: level, |m|, m.e0
         1  0.9954  +0.9954
         2  0.9951  +0.9951
         3  0.9944  +0.9944
         4  0.9941  +0.9941
         5  0.9950  +0.9950
         7  0.9945  +0.9945
        10  0.9955  +0.9955
        14  0.9941  +0.9941
        20  0.9942  +0.9942
        28  0.9944  +0.9944
        39  0.9941  +0.9941
        55  0.9947  +0.9947
        76  0.9944  +0.9944
       107  0.9947  +0.9947
       149  0.9949  +0.9949
       208  0.9946  +0.9946
       290  0.9939  +0.9939
       405  0.9945  +0.9945
       566  0.9941  +0.9941
       790  0.9941  +0.9941
      1103  0.9948  +0.9948
      1539  0.9940  +0.9940
      2149  0.9939  +0.9939
      3000  0.9939  +0.9939
SUMMARY: dim=3 menu=axes6w:11:1:2 beta=0.0 L=32 T=3000 plateau_|m|=0.9945 lowk_ratio=nan seconds=16
