dim=2 (event lattice Z^3) menu=axes6w:6:1:2 beta=0.0 L=128 T=3000 T0=1500 seed=1; predecessors n=3; sigma^2=nan
memory table: level, |m|, m.e0
         1  0.8616  +0.8616
         2  0.7561  +0.7560
         3  0.6505  +0.6505
         4  0.5578  +0.5578
         5  0.4734  +0.4734
         7  0.3344  +0.3343
        10  0.1927  +0.1926
        14  0.0924  +0.0916
        20  0.0202  +0.0179
        28  0.0154  +0.0043
        39  0.0046  +0.0035
        55  0.0186  +0.0081
        76  0.0065  -0.0023
       107  0.0100  +0.0068
       149  0.0173  -0.0128
       208  0.0069  -0.0060
       290  0.0112  +0.0109
       405  0.0166  +0.0034
       566  0.0090  +0.0078
       790  0.0173  -0.0023
      1103  0.0108  +0.0092
      1539  0.0104  -0.0096
      2149  0.0112  +0.0078
      3000  0.0104  +0.0090
SUMMARY: dim=2 menu=axes6w:6:1:2 beta=0.0 L=128 T=3000 plateau_|m|=0.0107 lowk_ratio=nan seconds=9
