dim=3 (event lattice Z^4) menu=axes6w:4:1:2 beta=0.0 L=32 T=3000 T0=1500 seed=1; predecessors n=7; sigma^2=nan
memory table: level, |m|, m.e0
         1  0.9676  +0.9676
         2  0.9600  +0.9600
         3  0.9577  +0.9577
         4  0.9558  +0.9557
         5  0.9572  +0.9572
         7  0.9564  +0.9564
        10  0.9592  +0.9592
        14  0.9561  +0.9561
        20  0.9561  +0.9561
        28  0.9571  +0.9571
        39  0.9547  +0.9547
        55  0.9570  +0.9570
        76  0.9574  +0.9574
       107  0.9575  +0.9575
       149  0.9587  +0.9587
       208  0.9566  +0.9566
       290  0.9560  +0.9560
       405  0.9581  +0.9581
       566  0.9595  +0.9595
       790  0.9562  +0.9562
      1103  0.9578  +0.9578
      1539  0.9567  +0.9567
      2149  0.9586  +0.9586
      3000  0.9558  +0.9558
SUMMARY: dim=3 menu=axes6w:4:1:2 beta=0.0 L=32 T=3000 plateau_|m|=0.9572 lowk_ratio=nan seconds=16
