w0=2.0 w1=1.0 beta=0.5 L=24 T=3000 T0=1500 seed=1 start=aligned
memory table: level, |m|, |m_even|, |m_odd|, cos(m_even, m_odd)
        1  0.7508  0.7522  0.7494  +1.0000
        2  0.6475  0.6487  0.6465  +0.9997
        4  0.5476  0.5494  0.5458  +0.9999
        5  0.5207  0.5164  0.5251  +0.9999
        8  0.4513  0.4487  0.4539  +0.9995
       13  0.3984  0.3888  0.4080  +0.9998
       19  0.3529  0.3503  0.3556  +0.9994
       29  0.3283  0.3309  0.3259  +0.9999
       44  0.2973  0.2913  0.3033  +0.9999
       68  0.2555  0.2582  0.2532  +0.9974
      103  0.2394  0.2399  0.2390  +0.9998
      157  0.1537  0.1492  0.1584  +0.9988
      239  0.1870  0.1908  0.1833  +0.9997
      365  0.1651  0.1714  0.1593  +0.9934
      556  0.1453  0.1518  0.1389  +0.9995
      847  0.1453  0.1518  0.1398  +0.9852
     1292  0.1734  0.1786  0.1683  +0.9994
     1968  0.1795  0.1774  0.1817  +0.9980
     3000  0.1536  0.1559  0.1515  +0.9966
SUMMARY: w0=2.0 w1=1.0 beta=0.5 L=24 T=3000 start=aligned plateau_|m|=0.1518 plateau_cos_even_odd=+0.9960 seconds=6
