dim=3 (event lattice Z^4) menu=axes6 beta=0.7 L=32 T=3000 T0=1500 seed=1; predecessors n=4; sigma^2=0.232243
memory table: level, |m|, m.e0
         1  0.8007  +0.8007
         2  0.6492  +0.6492
         3  0.5310  +0.5310
         4  0.4343  +0.4343
         5  0.3493  +0.3492
         7  0.2278  +0.2277
        10  0.1238  +0.1237
        14  0.0559  +0.0558
        20  0.0120  +0.0118
        28  0.0059  +0.0042
        39  0.0076  -0.0026
        55  0.0073  +0.0039
        76  0.0108  +0.0016
       107  0.0072  +0.0055
       149  0.0140  +0.0090
       208  0.0063  +0.0016
       290  0.0051  +0.0043
       405  0.0039  +0.0038
       566  0.0046  +0.0008
       790  0.0042  +0.0016
      1103  0.0093  +0.0023
      1539  0.0103  +0.0047
      2149  0.0037  -0.0034
      3000  0.0046  +0.0003
SUMMARY: dim=3 menu=axes6 beta=0.7 L=32 T=3000 plateau_|m|=0.0077 lowk_ratio=nan seconds=17
