dim=2 (event lattice Z^3) menu=axes6 beta=1.2 L=128 T=3000 T0=1500 seed=1; predecessors n=3; sigma^2=0.201032
memory table: level, |m|, m.e0
         1  0.9019  +0.9019
         2  0.8259  +0.8259
         3  0.7548  +0.7548
         4  0.6973  +0.6973
         5  0.6371  +0.6371
         7  0.5381  +0.5381
        10  0.4083  +0.4083
        14  0.2860  +0.2858
        20  0.1526  +0.1524
        28  0.0723  +0.0714
        39  0.0258  +0.0256
        55  0.0091  +0.0047
        76  0.0176  -0.0131
       107  0.0216  +0.0099
       149  0.0133  -0.0007
       208  0.0199  +0.0039
       290  0.0200  +0.0118
       405  0.0116  +0.0085
       566  0.0115  +0.0052
       790  0.0193  +0.0024
      1103  0.0154  +0.0103
      1539  0.0134  -0.0102
      2149  0.0101  +0.0085
      3000  0.0088  -0.0067
SUMMARY: dim=2 menu=axes6 beta=1.2 L=128 T=3000 plateau_|m|=0.0130 lowk_ratio=nan seconds=6
