dim=2 (event lattice Z^3) menu=axes6 beta=0.9 L=128 T=3000 T0=1500 seed=1; predecessors n=3; sigma^2=0.236557
memory table: level, |m|, m.e0
         1  0.7808  +0.7808
         2  0.6211  +0.6211
         3  0.4786  +0.4785
         4  0.3651  +0.3650
         5  0.2731  +0.2731
         7  0.1549  +0.1547
        10  0.0697  +0.0691
        14  0.0240  +0.0236
        20  0.0076  +0.0025
        28  0.0069  +0.0018
        39  0.0126  -0.0093
        55  0.0137  -0.0017
        76  0.0077  -0.0058
       107  0.0153  +0.0124
       149  0.0099  -0.0046
       208  0.0063  +0.0005
       290  0.0085  +0.0063
       405  0.0186  +0.0060
       566  0.0077  +0.0062
       790  0.0116  -0.0010
      1103  0.0121  +0.0099
      1539  0.0128  -0.0118
      2149  0.0076  +0.0075
      3000  0.0085  +0.0031
SUMMARY: dim=2 menu=axes6 beta=0.9 L=128 T=3000 plateau_|m|=0.0096 lowk_ratio=nan seconds=6
