dim=3 (event lattice Z^4) menu=axes6 beta=0.8 L=32 T=3000 T0=1500 seed=1; predecessors n=4; sigma^2=0.215884
memory table: level, |m|, m.e0
         1  0.8579  +0.8578
         2  0.7528  +0.7528
         3  0.6685  +0.6685
         4  0.5952  +0.5952
         5  0.5246  +0.5245
         7  0.4168  +0.4168
        10  0.2916  +0.2916
        14  0.1815  +0.1812
        20  0.0763  +0.0763
        28  0.0301  +0.0284
        39  0.0064  +0.0042
        55  0.0044  +0.0013
        76  0.0107  -0.0063
       107  0.0069  +0.0020
       149  0.0123  +0.0102
       208  0.0061  +0.0043
       290  0.0010  -0.0008
       405  0.0079  -0.0032
       566  0.0105  -0.0056
       790  0.0071  +0.0043
      1103  0.0133  +0.0070
      1539  0.0160  +0.0107
      2149  0.0065  -0.0056
      3000  0.0056  -0.0018
SUMMARY: dim=3 menu=axes6 beta=0.8 L=32 T=3000 plateau_|m|=0.0097 lowk_ratio=nan seconds=14
