dim=3 (event lattice Z^4) menu=axes6 beta=1.0 L=32 T=3000 T0=1500 seed=1; predecessors n=4; sigma^2=0.187668
memory table: level, |m|, m.e0
         1  0.9318  +0.9318
         2  0.8907  +0.8907
         3  0.8605  +0.8605
         4  0.8355  +0.8355
         5  0.8107  +0.8107
         7  0.7775  +0.7775
        10  0.7458  +0.7458
        14  0.7159  +0.7159
        20  0.6869  +0.6869
        28  0.6535  +0.6535
        39  0.6218  +0.6218
        55  0.5758  +0.5758
        76  0.5320  +0.5319
       107  0.4777  +0.4777
       149  0.4210  +0.4208
       208  0.3372  +0.3368
       290  0.1953  +0.1953
       405  0.1078  +0.1048
       566  0.0247  +0.0009
       790  0.0208  -0.0146
      1103  0.0240  +0.0103
      1539  0.0126  -0.0056
      2149  0.0389  -0.0223
      3000  0.0222  -0.0081
SUMMARY: dim=3 menu=axes6 beta=1.0 L=32 T=3000 plateau_|m|=0.0266 lowk_ratio=nan seconds=16
