dim=2 (event lattice Z^3) menu=axes6 beta=0.8 L=128 T=3000 T0=1500 seed=1; predecessors n=3; sigma^2=0.249971
memory table: level, |m|, m.e0
         1  0.7222  +0.7222
         2  0.5312  +0.5312
         3  0.3722  +0.3722
         4  0.2591  +0.2591
         5  0.1784  +0.1783
         7  0.0831  +0.0829
        10  0.0263  +0.0236
        14  0.0051  +0.0038
        20  0.0103  -0.0007
        28  0.0072  -0.0007
        39  0.0053  -0.0032
        55  0.0156  +0.0035
        76  0.0057  -0.0036
       107  0.0099  +0.0098
       149  0.0104  -0.0054
       208  0.0060  +0.0019
       290  0.0116  +0.0099
       405  0.0150  +0.0065
       566  0.0036  +0.0022
       790  0.0129  +0.0004
      1103  0.0120  +0.0119
      1539  0.0107  -0.0106
      2149  0.0028  +0.0018
      3000  0.0087  +0.0056
SUMMARY: dim=2 menu=axes6 beta=0.8 L=128 T=3000 plateau_|m|=0.0088 lowk_ratio=nan seconds=6
