dim=2 (event lattice Z^3) menu=axes6 beta=1.4 L=128 T=3000 T0=1500 seed=1; predecessors n=3; sigma^2=0.181513
memory table: level, |m|, m.e0
         1  0.9434  +0.9434
         2  0.9034  +0.9034
         3  0.8706  +0.8706
         4  0.8435  +0.8434
         5  0.8145  +0.8145
         7  0.7705  +0.7705
        10  0.7053  +0.7053
        14  0.6302  +0.6302
        20  0.5394  +0.5393
        28  0.4347  +0.4344
        39  0.3020  +0.3017
        55  0.1842  +0.1837
        76  0.0890  +0.0867
       107  0.0603  +0.0541
       149  0.0315  +0.0172
       208  0.0358  +0.0201
       290  0.0276  +0.0255
       405  0.0168  +0.0012
       566  0.0256  -0.0028
       790  0.0268  -0.0068
      1103  0.0146  +0.0125
      1539  0.0264  -0.0093
      2149  0.0189  +0.0019
      3000  0.0168  -0.0054
SUMMARY: dim=2 menu=axes6 beta=1.4 L=128 T=3000 plateau_|m|=0.0188 lowk_ratio=nan seconds=6
