dim=3 (event lattice Z^4) menu=axes6 beta=0.6 L=32 T=3000 T0=1500 seed=1; predecessors n=4; sigma^2=0.249971
memory table: level, |m|, m.e0
         1  0.7246  +0.7246
         2  0.5269  +0.5269
         3  0.3822  +0.3822
         4  0.2701  +0.2701
         5  0.1936  +0.1936
         7  0.1010  +0.1009
        10  0.0393  +0.0391
        14  0.0192  +0.0166
        20  0.0055  +0.0022
        28  0.0079  -0.0011
        39  0.0088  -0.0045
        55  0.0017  +0.0011
        76  0.0066  -0.0058
       107  0.0043  +0.0036
       149  0.0102  +0.0059
       208  0.0043  +0.0013
       290  0.0066  +0.0023
       405  0.0063  -0.0059
       566  0.0055  +0.0024
       790  0.0084  +0.0081
      1103  0.0047  -0.0002
      1539  0.0048  +0.0032
      2149  0.0029  +0.0001
      3000  0.0036  +0.0008
SUMMARY: dim=3 menu=axes6 beta=0.6 L=32 T=3000 plateau_|m|=0.0068 lowk_ratio=nan seconds=13
