dim=2 (event lattice Z^3) menu=axes6 beta=0.6 L=128 T=3000 T0=1500 seed=1; predecessors n=3; sigma^2=0.278126
memory table: level, |m|, m.e0
         1  0.5785  +0.5785
         2  0.3317  +0.3317
         3  0.1843  +0.1843
         4  0.0937  +0.0934
         5  0.0440  +0.0424
         7  0.0100  +0.0027
        10  0.0078  -0.0048
        14  0.0068  -0.0045
        20  0.0088  -0.0036
        28  0.0091  -0.0053
        39  0.0058  +0.0016
        55  0.0101  +0.0010
        76  0.0072  -0.0056
       107  0.0098  +0.0075
       149  0.0077  -0.0043
       208  0.0059  -0.0035
       290  0.0120  +0.0092
       405  0.0135  +0.0037
       566  0.0117  -0.0002
       790  0.0066  +0.0021
      1103  0.0162  +0.0135
      1539  0.0140  -0.0126
      2149  0.0045  +0.0017
      3000  0.0121  +0.0092
SUMMARY: dim=2 menu=axes6 beta=0.6 L=128 T=3000 plateau_|m|=0.0080 lowk_ratio=nan seconds=6
