dim=2 (event lattice Z^3) menu=axes6 beta=1.5 L=128 T=3000 T0=1500 seed=1; predecessors n=3; sigma^2=0.172894
memory table: level, |m|, m.e0
         1  0.9565  +0.9565
         2  0.9285  +0.9285
         3  0.9078  +0.9078
         4  0.8920  +0.8920
         5  0.8746  +0.8746
         7  0.8513  +0.8513
        10  0.8151  +0.8151
        14  0.7719  +0.7719
        20  0.7299  +0.7299
        28  0.6786  +0.6786
        39  0.6150  +0.6150
        55  0.5431  +0.5430
        76  0.4437  +0.4437
       107  0.3116  +0.3106
       149  0.1828  +0.1778
       208  0.0970  +0.0960
       290  0.0581  +0.0526
       405  0.0312  +0.0240
       566  0.0292  +0.0184
       790  0.0274  +0.0006
      1103  0.0226  +0.0063
      1539  0.0456  -0.0402
      2149  0.0097  +0.0089
      3000  0.0338  +0.0168
SUMMARY: dim=2 menu=axes6 beta=1.5 L=128 T=3000 plateau_|m|=0.0272 lowk_ratio=nan seconds=9
