dim=2 (event lattice Z^3) menu=axes6 beta=0.7 L=128 T=3000 T0=1500 seed=1; predecessors n=3; sigma^2=0.263932
memory table: level, |m|, m.e0
         1  0.6563  +0.6562
         2  0.4315  +0.4315
         3  0.2703  +0.2702
         4  0.1642  +0.1641
         5  0.0963  +0.0959
         7  0.0310  +0.0305
        10  0.0055  +0.0026
        14  0.0083  +0.0018
        20  0.0095  -0.0018
        28  0.0099  -0.0037
        39  0.0026  -0.0021
        55  0.0134  -0.0021
        76  0.0069  -0.0060
       107  0.0102  +0.0099
       149  0.0139  -0.0087
       208  0.0024  +0.0002
       290  0.0111  +0.0087
       405  0.0152  +0.0043
       566  0.0033  -0.0011
       790  0.0111  -0.0018
      1103  0.0158  +0.0150
      1539  0.0113  -0.0103
      2149  0.0077  +0.0059
      3000  0.0152  +0.0118
SUMMARY: dim=2 menu=axes6 beta=0.7 L=128 T=3000 plateau_|m|=0.0087 lowk_ratio=nan seconds=6
