dim=3 (event lattice Z^4) menu=axes6 beta=1.6 L=32 T=3000 T0=1500 seed=1; predecessors n=4; sigma^2=0.131837
memory table: level, |m|, m.e0
         1  0.9933  +0.9933
         2  0.9928  +0.9928
         3  0.9924  +0.9924
         4  0.9912  +0.9912
         5  0.9919  +0.9919
         7  0.9919  +0.9919
        10  0.9923  +0.9923
        14  0.9912  +0.9912
        20  0.9904  +0.9904
        28  0.9916  +0.9916
        39  0.9911  +0.9911
        55  0.9922  +0.9922
        76  0.9917  +0.9917
       107  0.9917  +0.9917
       149  0.9920  +0.9920
       208  0.9913  +0.9913
       290  0.9916  +0.9916
       405  0.9918  +0.9918
       566  0.9909  +0.9909
       790  0.9912  +0.9912
      1103  0.9916  +0.9916
      1539  0.9911  +0.9911
      2149  0.9914  +0.9914
      3000  0.9913  +0.9913
SUMMARY: dim=3 menu=axes6 beta=1.6 L=32 T=3000 plateau_|m|=0.9916 lowk_ratio=nan seconds=12
