dim=3 (event lattice Z^4) menu=axes6 beta=0.9 L=32 T=3000 T0=1500 seed=1; predecessors n=4; sigma^2=0.201032
memory table: level, |m|, m.e0
         1  0.9002  +0.9001
         2  0.8333  +0.8333
         3  0.7810  +0.7810
         4  0.7360  +0.7360
         5  0.6910  +0.6909
         7  0.6205  +0.6205
        10  0.5394  +0.5394
        14  0.4481  +0.4481
        20  0.3280  +0.3280
        28  0.2086  +0.2086
        39  0.1107  +0.1106
        55  0.0430  +0.0423
        76  0.0124  +0.0086
       107  0.0143  +0.0065
       149  0.0140  +0.0099
       208  0.0163  +0.0083
       290  0.0078  -0.0015
       405  0.0085  +0.0029
       566  0.0143  +0.0022
       790  0.0105  +0.0049
      1103  0.0155  +0.0035
      1539  0.0077  +0.0056
      2149  0.0164  -0.0163
      3000  0.0063  -0.0020
SUMMARY: dim=3 menu=axes6 beta=0.9 L=32 T=3000 plateau_|m|=0.0145 lowk_ratio=nan seconds=13
