dim=3 (event lattice Z^4) menu=axes6 beta=1.2 L=32 T=3000 T0=1500 seed=1; predecessors n=4; sigma^2=0.164959
memory table: level, |m|, m.e0
         1  0.9658  +0.9658
         2  0.9524  +0.9524
         3  0.9462  +0.9462
         4  0.9395  +0.9395
         5  0.9374  +0.9374
         7  0.9344  +0.9344
        10  0.9366  +0.9366
        14  0.9349  +0.9349
        20  0.9346  +0.9346
        28  0.9328  +0.9328
        39  0.9328  +0.9328
        55  0.9329  +0.9329
        76  0.9373  +0.9373
       107  0.9355  +0.9355
       149  0.9371  +0.9371
       208  0.9341  +0.9341
       290  0.9335  +0.9335
       405  0.9348  +0.9348
       566  0.9342  +0.9342
       790  0.9357  +0.9357
      1103  0.9333  +0.9333
      1539  0.9354  +0.9354
      2149  0.9337  +0.9337
      3000  0.9333  +0.9333
SUMMARY: dim=3 menu=axes6 beta=1.2 L=32 T=3000 plateau_|m|=0.9344 lowk_ratio=nan seconds=12
