dim=3 (event lattice Z^4) menu=axes6 beta=1.1 L=32 T=3000 T0=1500 seed=1; predecessors n=4; sigma^2=0.175688
memory table: level, |m|, m.e0
         1  0.9519  +0.9519
         2  0.9287  +0.9287
         3  0.9127  +0.9127
         4  0.8994  +0.8994
         5  0.8894  +0.8894
         7  0.8789  +0.8788
        10  0.8763  +0.8763
        14  0.8712  +0.8712
        20  0.8700  +0.8700
        28  0.8664  +0.8664
        39  0.8686  +0.8686
        55  0.8659  +0.8659
        76  0.8722  +0.8722
       107  0.8704  +0.8704
       149  0.8702  +0.8702
       208  0.8632  +0.8632
       290  0.8717  +0.8717
       405  0.8672  +0.8672
       566  0.8708  +0.8708
       790  0.8741  +0.8741
      1103  0.8675  +0.8675
      1539  0.8720  +0.8720
      2149  0.8681  +0.8681
      3000  0.8620  +0.8620
SUMMARY: dim=3 menu=axes6 beta=1.1 L=32 T=3000 plateau_|m|=0.8679 lowk_ratio=nan seconds=17
