dim=3 (event lattice Z^4) menu=axes6 beta=1.3 L=32 T=3000 T0=1500 seed=1; predecessors n=4; sigma^2=0.155337
memory table: level, |m|, m.e0
         1  0.9770  +0.9770
         2  0.9702  +0.9702
         3  0.9664  +0.9664
         4  0.9631  +0.9631
         5  0.9630  +0.9630
         7  0.9632  +0.9632
        10  0.9642  +0.9642
        14  0.9633  +0.9633
        20  0.9622  +0.9622
        28  0.9629  +0.9629
        39  0.9623  +0.9622
        55  0.9627  +0.9627
        76  0.9657  +0.9657
       107  0.9644  +0.9644
       149  0.9655  +0.9655
       208  0.9639  +0.9639
       290  0.9627  +0.9627
       405  0.9651  +0.9651
       566  0.9630  +0.9630
       790  0.9620  +0.9620
      1103  0.9630  +0.9630
      1539  0.9627  +0.9627
      2149  0.9634  +0.9634
      3000  0.9610  +0.9610
SUMMARY: dim=3 menu=axes6 beta=1.3 L=32 T=3000 plateau_|m|=0.9632 lowk_ratio=nan seconds=15
