dim=2 (event lattice Z^3) menu=axes6 beta=1.6 L=128 T=3000 T0=1500 seed=1; predecessors n=3; sigma^2=0.164959
memory table: level, |m|, m.e0
         1  0.9652  +0.9652
         2  0.9457  +0.9457
         3  0.9322  +0.9322
         4  0.9218  +0.9218
         5  0.9109  +0.9109
         7  0.8986  +0.8986
        10  0.8813  +0.8813
        14  0.8611  +0.8610
        20  0.8422  +0.8422
        28  0.8322  +0.8322
        39  0.8205  +0.8205
        55  0.8098  +0.8098
        76  0.7897  +0.7897
       107  0.7693  +0.7692
       149  0.7301  +0.7300
       208  0.7090  +0.7089
       290  0.6924  +0.6923
       405  0.6336  +0.6335
       566  0.5811  +0.5811
       790  0.5471  +0.5470
      1103  0.4647  +0.4645
      1539  0.3535  +0.3491
      2149  0.2582  +0.2563
      3000  0.1265  +0.1180
SUMMARY: dim=2 menu=axes6 beta=1.6 L=128 T=3000 plateau_|m|=0.1753 lowk_ratio=nan seconds=6
