dim=3 (event lattice Z^4) menu=axes6 beta=1.4 L=32 T=3000 T0=1500 seed=1; predecessors n=4; sigma^2=0.146689
memory table: level, |m|, m.e0
         1  0.9849  +0.9849
         2  0.9808  +0.9808
         3  0.9792  +0.9792
         4  0.9775  +0.9775
         5  0.9778  +0.9778
         7  0.9781  +0.9781
        10  0.9789  +0.9789
        14  0.9781  +0.9781
        20  0.9777  +0.9777
        28  0.9779  +0.9779
        39  0.9777  +0.9777
        55  0.9780  +0.9780
        76  0.9791  +0.9791
       107  0.9793  +0.9793
       149  0.9792  +0.9792
       208  0.9781  +0.9781
       290  0.9771  +0.9771
       405  0.9797  +0.9797
       566  0.9783  +0.9783
       790  0.9772  +0.9772
      1103  0.9785  +0.9785
      1539  0.9777  +0.9777
      2149  0.9782  +0.9782
      3000  0.9776  +0.9776
SUMMARY: dim=3 menu=axes6 beta=1.4 L=32 T=3000 plateau_|m|=0.9781 lowk_ratio=nan seconds=12
