dim=2 (event lattice Z^3) menu=axes6 beta=1.1 L=128 T=3000 T0=1500 seed=1; predecessors n=3; sigma^2=0.212029
memory table: level, |m|, m.e0
         1  0.8682  +0.8682
         2  0.7702  +0.7701
         3  0.6753  +0.6753
         4  0.5956  +0.5955
         5  0.5206  +0.5206
         7  0.3979  +0.3978
        10  0.2541  +0.2541
        14  0.1475  +0.1473
        20  0.0569  +0.0565
        28  0.0155  +0.0065
        39  0.0104  -0.0059
        55  0.0189  +0.0048
        76  0.0136  -0.0006
       107  0.0226  +0.0118
       149  0.0141  -0.0086
       208  0.0080  -0.0008
       290  0.0181  +0.0134
       405  0.0176  +0.0143
       566  0.0068  +0.0029
       790  0.0140  -0.0057
      1103  0.0100  +0.0085
      1539  0.0088  -0.0083
      2149  0.0043  +0.0009
      3000  0.0056  -0.0009
SUMMARY: dim=2 menu=axes6 beta=1.1 L=128 T=3000 plateau_|m|=0.0114 lowk_ratio=nan seconds=10
