dim=2 (event lattice Z^3) menu=axes6 beta=1.3 L=128 T=3000 T0=1500 seed=1; predecessors n=3; sigma^2=0.190874
memory table: level, |m|, m.e0
         1  0.9261  +0.9261
         2  0.8721  +0.8721
         3  0.8230  +0.8230
         4  0.7822  +0.7822
         5  0.7378  +0.7378
         7  0.6656  +0.6656
        10  0.5630  +0.5629
        14  0.4554  +0.4553
        20  0.3283  +0.3281
        28  0.2120  +0.2112
        39  0.1117  +0.1113
        55  0.0603  +0.0564
        76  0.0147  +0.0110
       107  0.0144  +0.0048
       149  0.0310  -0.0001
       208  0.0220  +0.0176
       290  0.0202  +0.0185
       405  0.0165  -0.0096
       566  0.0106  -0.0095
       790  0.0165  -0.0143
      1103  0.0230  +0.0223
      1539  0.0078  -0.0015
      2149  0.0147  +0.0088
      3000  0.0103  -0.0063
SUMMARY: dim=2 menu=axes6 beta=1.3 L=128 T=3000 plateau_|m|=0.0152 lowk_ratio=nan seconds=6
